223 0
226 0
233 1
236 1
240 2
241 2
227 3
233 3
234 3
237 3
238 3
243 3
237 4
248 4
225 5
231 5
232 5
235 5
239 5
245 5
246 5
247 5
225 6
226 6
229 6
247 6
248 6
249 6
251 7
254 7
223 8
224 8
227 8
228 8
241 8
242 8
243 8
244 8
261 8
283 8
251 9
252 9
257 9
258 9
263 9
285 9
145 10
270 10
294 10
267 11
268 11
269 11
272 11
291 11
292 11
293 11
296 11
271 12
272 12
273 12
281 12
282 12
289 12
293 12
294 12
301 12
302 12
185 13
282 13
304 13
277 14
278 14
280 14
281 14
299 14
300 14
302 14
303 14
231 15
245 15
259 15
260 15
305 15
306 15
259 16
279 16
301 16
305 16
307 17
310 17
317 18
320 18
324 19
325 19
311 20
317 20
318 20
321 20
322 20
327 20
321 21
332 21
309 22
315 22
316 22
319 22
323 22
329 22
330 22
331 22
309 23
310 23
313 23
331 23
332 23
333 23
337 24
340 24
229 25
230 25
235 25
236 25
239 25
240 25
249 25
250 25
253 25
254 25
255 25
256 25
335 25
341 25
335 26
336 26
339 26
341 26
342 26
343 26
345 26
307 27
308 27
311 27
312 27
325 27
326 27
327 27
328 27
349 27
371 27
337 28
338 28
345 28
346 28
351 28
373 28
149 29
358 29
382 29
355 30
356 30
357 30
360 30
379 30
380 30
381 30
384 30
359 31
360 31
361 31
369 31
370 31
377 31
381 31
382 31
389 31
390 31
189 32
370 32
392 32
365 33
366 33
368 33
369 33
387 33
388 33
390 33
391 33
315 34
329 34
347 34
348 34
393 34
394 34
347 35
367 35
389 35
393 35
395 36
398 36
405 37
408 37
412 38
413 38
399 39
405 39
406 39
409 39
410 39
415 39
409 40
420 40
397 41
403 41
404 41
407 41
411 41
417 41
418 41
419 41
397 42
398 42
401 42
419 42
420 42
421 42
425 43
428 43
313 44
314 44
319 44
320 44
323 44
324 44
333 44
334 44
339 44
340 44
343 44
344 44
423 44
429 44
423 45
424 45
427 45
429 45
430 45
431 45
433 45
395 46
396 46
399 46
400 46
413 46
414 46
415 46
416 46
437 46
459 46
425 47
426 47
433 47
434 47
439 47
461 47
153 48
446 48
470 48
443 49
444 49
445 49
448 49
467 49
468 49
469 49
472 49
447 50
448 50
449 50
457 50
458 50
465 50
469 50
470 50
477 50
478 50
193 51
458 51
480 51
453 52
454 52
456 52
457 52
475 52
476 52
478 52
479 52
403 53
417 53
435 53
436 53
481 53
482 53
435 54
455 54
477 54
481 54
483 55
486 55
493 56
496 56
500 57
501 57
487 58
493 58
494 58
497 58
498 58
503 58
497 59
508 59
485 60
491 60
492 60
495 60
499 60
505 60
506 60
507 60
485 61
486 61
489 61
507 61
508 61
509 61
513 62
516 62
401 63
402 63
407 63
408 63
411 63
412 63
421 63
422 63
427 63
428 63
431 63
432 63
511 63
517 63
511 64
512 64
515 64
517 64
518 64
519 64
521 64
483 65
484 65
487 65
488 65
501 65
502 65
503 65
504 65
525 65
547 65
513 66
514 66
521 66
522 66
527 66
549 66
157 67
534 67
558 67
531 68
532 68
533 68
536 68
555 68
556 68
557 68
560 68
535 69
536 69
537 69
545 69
546 69
553 69
557 69
558 69
565 69
566 69
197 70
546 70
568 70
541 71
542 71
544 71
545 71
563 71
564 71
566 71
567 71
491 72
505 72
523 72
524 72
569 72
570 72
523 73
543 73
565 73
569 73
571 74
574 74
581 75
584 75
588 76
589 76
575 77
581 77
582 77
585 77
586 77
591 77
585 78
596 78
573 79
579 79
580 79
583 79
587 79
593 79
594 79
595 79
573 80
574 80
577 80
595 80
596 80
597 80
601 81
604 81
489 82
490 82
495 82
496 82
499 82
500 82
509 82
510 82
515 82
516 82
519 82
520 82
599 82
605 82
599 83
600 83
603 83
605 83
606 83
607 83
609 83
571 84
572 84
575 84
576 84
589 84
590 84
591 84
592 84
613 84
635 84
601 85
602 85
609 85
610 85
615 85
637 85
161 86
622 86
646 86
619 87
620 87
621 87
624 87
643 87
644 87
645 87
648 87
623 88
624 88
625 88
633 88
634 88
641 88
645 88
646 88
653 88
654 88
201 89
634 89
656 89
629 90
630 90
632 90
633 90
651 90
652 90
654 90
655 90
579 91
593 91
611 91
612 91
657 91
658 91
611 92
631 92
653 92
657 92
659 93
662 93
669 94
672 94
676 95
677 95
663 96
669 96
670 96
673 96
674 96
679 96
673 97
684 97
661 98
667 98
668 98
671 98
675 98
681 98
682 98
683 98
661 99
662 99
665 99
683 99
684 99
685 99
689 100
692 100
577 101
578 101
583 101
584 101
587 101
588 101
597 101
598 101
603 101
604 101
607 101
608 101
687 101
693 101
687 102
688 102
691 102
693 102
694 102
695 102
697 102
659 103
660 103
663 103
664 103
677 103
678 103
679 103
680 103
701 103
723 103
689 104
690 104
697 104
698 104
703 104
725 104
165 105
710 105
734 105
707 106
708 106
709 106
712 106
731 106
732 106
733 106
736 106
711 107
712 107
713 107
721 107
722 107
729 107
733 107
734 107
741 107
742 107
205 108
722 108
744 108
717 109
718 109
720 109
721 109
739 109
740 109
742 109
743 109
667 110
681 110
699 110
700 110
745 110
746 110
699 111
719 111
741 111
745 111
747 112
750 112
757 113
760 113
764 114
765 114
751 115
757 115
758 115
761 115
762 115
767 115
761 116
772 116
749 117
755 117
756 117
759 117
763 117
769 117
770 117
771 117
749 118
750 118
753 118
771 118
772 118
773 118
777 119
780 119
665 120
666 120
671 120
672 120
675 120
676 120
685 120
686 120
691 120
692 120
695 120
696 120
775 120
781 120
775 121
776 121
779 121
781 121
782 121
783 121
785 121
747 122
748 122
751 122
752 122
765 122
766 122
767 122
768 122
789 122
811 122
777 123
778 123
785 123
786 123
791 123
813 123
169 124
798 124
822 124
795 125
796 125
797 125
800 125
819 125
820 125
821 125
824 125
799 126
800 126
801 126
809 126
810 126
817 126
821 126
822 126
829 126
830 126
209 127
810 127
832 127
805 128
806 128
808 128
809 128
827 128
828 128
830 128
831 128
755 129
769 129
787 129
788 129
833 129
834 129
787 130
807 130
829 130
833 130
835 131
838 131
839 132
843 132
844 132
845 132
846 132
849 132
845 133
854 133
753 134
754 134
759 134
760 134
763 134
764 134
773 134
774 134
779 134
780 134
783 134
784 134
855 134
859 134
835 135
836 135
839 135
840 135
847 135
848 135
849 135
850 135
865 135
887 135
857 136
858 136
861 136
862 136
867 136
889 136
173 137
874 137
898 137
871 138
872 138
873 138
876 138
895 138
896 138
897 138
900 138
875 139
876 139
877 139
885 139
886 139
893 139
897 139
898 139
905 139
906 139
213 140
886 140
908 140
881 141
882 141
884 141
885 141
903 141
904 141
906 141
907 141
841 142
851 142
863 142
864 142
909 142
910 142
863 143
883 143
905 143
909 143
265 144
912 144
10 145
263 145
264 145
285 145
286 145
287 145
911 145
913 145
277 146
916 146
271 147
275 147
276 147
295 147
297 147
298 147
299 147
915 147
917 147
353 148
920 148
29 149
351 149
352 149
373 149
374 149
375 149
919 149
921 149
365 150
924 150
359 151
363 151
364 151
383 151
385 151
386 151
387 151
923 151
925 151
441 152
928 152
48 153
439 153
440 153
461 153
462 153
463 153
927 153
929 153
453 154
932 154
447 155
451 155
452 155
471 155
473 155
474 155
475 155
931 155
933 155
529 156
936 156
67 157
527 157
528 157
549 157
550 157
551 157
935 157
937 157
541 158
940 158
535 159
539 159
540 159
559 159
561 159
562 159
563 159
939 159
941 159
617 160
944 160
86 161
615 161
616 161
637 161
638 161
639 161
943 161
945 161
629 162
948 162
623 163
627 163
628 163
647 163
649 163
650 163
651 163
947 163
949 163
705 164
952 164
105 165
703 165
704 165
725 165
726 165
727 165
951 165
953 165
717 166
956 166
711 167
715 167
716 167
735 167
737 167
738 167
739 167
955 167
957 167
793 168
960 168
124 169
791 169
792 169
813 169
814 169
815 169
959 169
961 169
805 170
964 170
799 171
803 171
804 171
823 171
825 171
826 171
827 171
963 171
965 171
869 172
968 172
137 173
867 173
868 173
889 173
890 173
891 173
967 173
969 173
881 174
972 174
875 175
879 175
880 175
899 175
901 175
902 175
903 175
971 175
973 175
847 176
976 176
843 177
980 177
837 178
841 178
842 178
851 178
852 178
853 178
975 178
979 178
837 179
838 179
853 179
854 179
977 179
981 179
857 180
984 180
855 181
856 181
859 181
860 181
861 181
983 181
985 181
267 182
988 182
261 183
262 183
265 183
266 183
283 183
284 183
287 183
288 183
291 183
987 183
989 183
275 184
994 184
13 185
297 185
991 185
993 185
355 186
996 186
349 187
350 187
353 187
354 187
371 187
372 187
375 187
376 187
379 187
995 187
997 187
363 188
1002 188
32 189
385 189
999 189
1001 189
443 190
1004 190
437 191
438 191
441 191
442 191
459 191
460 191
463 191
464 191
467 191
1003 191
1005 191
451 192
1010 192
51 193
473 193
1007 193
1009 193
531 194
1012 194
525 195
526 195
529 195
530 195
547 195
548 195
551 195
552 195
555 195
1011 195
1013 195
539 196
1018 196
70 197
561 197
1015 197
1017 197
619 198
1020 198
613 199
614 199
617 199
618 199
635 199
636 199
639 199
640 199
643 199
1019 199
1021 199
627 200
1026 200
89 201
649 201
1023 201
1025 201
707 202
1028 202
701 203
702 203
705 203
706 203
723 203
724 203
727 203
728 203
731 203
1027 203
1029 203
715 204
1034 204
108 205
737 205
1031 205
1033 205
795 206
1036 206
789 207
790 207
793 207
794 207
811 207
812 207
815 207
816 207
819 207
1035 207
1037 207
803 208
1042 208
127 209
825 209
1039 209
1041 209
871 210
1044 210
865 211
866 211
869 211
870 211
887 211
888 211
891 211
892 211
895 211
1043 211
1045 211
879 212
1050 212
140 213
901 213
1047 213
1049 213
269 214
270 214
273 214
274 214
279 214
280 214
289 214
290 214
295 214
296 214
303 214
304 214
1051 214
1053 214
357 215
358 215
361 215
362 215
367 215
368 215
377 215
378 215
383 215
384 215
391 215
392 215
1055 215
1057 215
445 216
446 216
449 216
450 216
455 216
456 216
465 216
466 216
471 216
472 216
479 216
480 216
1059 216
1061 216
533 217
534 217
537 217
538 217
543 217
544 217
553 217
554 217
559 217
560 217
567 217
568 217
1063 217
1065 217
621 218
622 218
625 218
626 218
631 218
632 218
641 218
642 218
647 218
648 218
655 218
656 218
1067 218
1069 218
709 219
710 219
713 219
714 219
719 219
720 219
729 219
730 219
735 219
736 219
743 219
744 219
1071 219
1073 219
797 220
798 220
801 220
802 220
807 220
808 220
817 220
818 220
823 220
824 220
831 220
832 220
1075 220
1077 220
873 221
874 221
877 221
878 221
883 221
884 221
893 221
894 221
899 221
900 221
907 221
908 221
1079 221
1081 221
253 222
255 222
257 222
1083 222
1084 222
1085 222
1086 222
0 223
224 223
1087 223
223 224
1087 224
5 225
226 225
1087 225
0 226
225 226
1087 226
3 227
228 227
1087 227
227 228
1087 228
6 229
230 229
1087 229
229 230
1087 230
15 231
232 231
1087 231
231 232
1087 232
1 233
234 233
1087 233
233 234
1087 234
5 235
236 235
1087 235
1 236
235 236
1087 236
4 237
238 237
1088 237
237 238
1088 238
5 239
240 239
1088 239
2 240
239 240
1088 240
2 241
242 241
1088 241
241 242
1088 242
3 243
244 243
1088 243
243 244
1088 244
15 245
246 245
1088 245
245 246
1088 246
5 247
248 247
1088 247
4 248
247 248
1088 248
6 249
250 249
1088 249
249 250
1088 250
7 251
252 251
1089 251
251 252
1089 252
222 253
254 253
1089 253
7 254
253 254
1089 254
222 255
256 255
1090 255
255 256
1090 256
222 257
258 257
1090 257
257 258
1090 258
16 259
260 259
1091 259
259 260
1091 260
8 261
262 261
1091 261
261 262
1091 262
9 263
264 263
1091 263
263 264
1091 264
144 265
266 265
1091 265
265 266
1091 266
182 267
268 267
1091 267
267 268
1091 268
11 269
270 269
1091 269
10 270
269 270
1091 270
147 271
272 271
1091 271
11 272
271 272
1091 272
12 273
274 273
1091 273
273 274
1091 274
184 275
276 275
1091 275
275 276
1091 276
146 277
278 277
1091 277
277 278
1091 278
16 279
280 279
1091 279
14 280
279 280
1091 280
14 281
282 281
1091 281
13 282
281 282
1091 282
8 283
284 283
1092 283
283 284
1092 284
9 285
286 285
1092 285
285 286
1092 286
145 287
288 287
1092 287
287 288
1092 288
12 289
290 289
1092 289
289 290
1092 290
183 291
292 291
1092 291
291 292
1092 292
11 293
294 293
1092 293
10 294
293 294
1092 294
147 295
296 295
1092 295
11 296
295 296
1092 296
185 297
298 297
1092 297
297 298
1092 298
147 299
300 299
1092 299
299 300
1092 300
16 301
302 301
1092 301
14 302
301 302
1092 302
14 303
304 303
1092 303
13 304
303 304
1092 304
16 305
306 305
1092 305
305 306
1092 306
17 307
308 307
1093 307
307 308
1093 308
22 309
310 309
1093 309
17 310
309 310
1093 310
20 311
312 311
1093 311
311 312
1093 312
23 313
314 313
1093 313
313 314
1093 314
34 315
316 315
1093 315
315 316
1093 316
18 317
318 317
1093 317
317 318
1093 318
22 319
320 319
1093 319
18 320
319 320
1093 320
21 321
322 321
1094 321
321 322
1094 322
22 323
324 323
1094 323
19 324
323 324
1094 324
19 325
326 325
1094 325
325 326
1094 326
20 327
328 327
1094 327
327 328
1094 328
34 329
330 329
1094 329
329 330
1094 330
22 331
332 331
1094 331
21 332
331 332
1094 332
23 333
334 333
1094 333
333 334
1094 334
25 335
336 335
1095 335
335 336
1095 336
24 337
338 337
1095 337
337 338
1095 338
26 339
340 339
1095 339
24 340
339 340
1095 340
25 341
342 341
1096 341
341 342
1096 342
26 343
344 343
1096 343
343 344
1096 344
26 345
346 345
1096 345
345 346
1096 346
35 347
348 347
1097 347
347 348
1097 348
27 349
350 349
1097 349
349 350
1097 350
28 351
352 351
1097 351
351 352
1097 352
148 353
354 353
1097 353
353 354
1097 354
186 355
356 355
1097 355
355 356
1097 356
30 357
358 357
1097 357
29 358
357 358
1097 358
151 359
360 359
1097 359
30 360
359 360
1097 360
31 361
362 361
1097 361
361 362
1097 362
188 363
364 363
1097 363
363 364
1097 364
150 365
366 365
1097 365
365 366
1097 366
35 367
368 367
1097 367
33 368
367 368
1097 368
33 369
370 369
1097 369
32 370
369 370
1097 370
27 371
372 371
1098 371
371 372
1098 372
28 373
374 373
1098 373
373 374
1098 374
149 375
376 375
1098 375
375 376
1098 376
31 377
378 377
1098 377
377 378
1098 378
187 379
380 379
1098 379
379 380
1098 380
30 381
382 381
1098 381
29 382
381 382
1098 382
151 383
384 383
1098 383
30 384
383 384
1098 384
189 385
386 385
1098 385
385 386
1098 386
151 387
388 387
1098 387
387 388
1098 388
35 389
390 389
1098 389
33 390
389 390
1098 390
33 391
392 391
1098 391
32 392
391 392
1098 392
35 393
394 393
1098 393
393 394
1098 394
36 395
396 395
1099 395
395 396
1099 396
41 397
398 397
1099 397
36 398
397 398
1099 398
39 399
400 399
1099 399
399 400
1099 400
42 401
402 401
1099 401
401 402
1099 402
53 403
404 403
1099 403
403 404
1099 404
37 405
406 405
1099 405
405 406
1099 406
41 407
408 407
1099 407
37 408
407 408
1099 408
40 409
410 409
1100 409
409 410
1100 410
41 411
412 411
1100 411
38 412
411 412
1100 412
38 413
414 413
1100 413
413 414
1100 414
39 415
416 415
1100 415
415 416
1100 416
53 417
418 417
1100 417
417 418
1100 418
41 419
420 419
1100 419
40 420
419 420
1100 420
42 421
422 421
1100 421
421 422
1100 422
44 423
424 423
1101 423
423 424
1101 424
43 425
426 425
1101 425
425 426
1101 426
45 427
428 427
1101 427
43 428
427 428
1101 428
44 429
430 429
1102 429
429 430
1102 430
45 431
432 431
1102 431
431 432
1102 432
45 433
434 433
1102 433
433 434
1102 434
54 435
436 435
1103 435
435 436
1103 436
46 437
438 437
1103 437
437 438
1103 438
47 439
440 439
1103 439
439 440
1103 440
152 441
442 441
1103 441
441 442
1103 442
190 443
444 443
1103 443
443 444
1103 444
49 445
446 445
1103 445
48 446
445 446
1103 446
155 447
448 447
1103 447
49 448
447 448
1103 448
50 449
450 449
1103 449
449 450
1103 450
192 451
452 451
1103 451
451 452
1103 452
154 453
454 453
1103 453
453 454
1103 454
54 455
456 455
1103 455
52 456
455 456
1103 456
52 457
458 457
1103 457
51 458
457 458
1103 458
46 459
460 459
1104 459
459 460
1104 460
47 461
462 461
1104 461
461 462
1104 462
153 463
464 463
1104 463
463 464
1104 464
50 465
466 465
1104 465
465 466
1104 466
191 467
468 467
1104 467
467 468
1104 468
49 469
470 469
1104 469
48 470
469 470
1104 470
155 471
472 471
1104 471
49 472
471 472
1104 472
193 473
474 473
1104 473
473 474
1104 474
155 475
476 475
1104 475
475 476
1104 476
54 477
478 477
1104 477
52 478
477 478
1104 478
52 479
480 479
1104 479
51 480
479 480
1104 480
54 481
482 481
1104 481
481 482
1104 482
55 483
484 483
1105 483
483 484
1105 484
60 485
486 485
1105 485
55 486
485 486
1105 486
58 487
488 487
1105 487
487 488
1105 488
61 489
490 489
1105 489
489 490
1105 490
72 491
492 491
1105 491
491 492
1105 492
56 493
494 493
1105 493
493 494
1105 494
60 495
496 495
1105 495
56 496
495 496
1105 496
59 497
498 497
1106 497
497 498
1106 498
60 499
500 499
1106 499
57 500
499 500
1106 500
57 501
502 501
1106 501
501 502
1106 502
58 503
504 503
1106 503
503 504
1106 504
72 505
506 505
1106 505
505 506
1106 506
60 507
508 507
1106 507
59 508
507 508
1106 508
61 509
510 509
1106 509
509 510
1106 510
63 511
512 511
1107 511
511 512
1107 512
62 513
514 513
1107 513
513 514
1107 514
64 515
516 515
1107 515
62 516
515 516
1107 516
63 517
518 517
1108 517
517 518
1108 518
64 519
520 519
1108 519
519 520
1108 520
64 521
522 521
1108 521
521 522
1108 522
73 523
524 523
1109 523
523 524
1109 524
65 525
526 525
1109 525
525 526
1109 526
66 527
528 527
1109 527
527 528
1109 528
156 529
530 529
1109 529
529 530
1109 530
194 531
532 531
1109 531
531 532
1109 532
68 533
534 533
1109 533
67 534
533 534
1109 534
159 535
536 535
1109 535
68 536
535 536
1109 536
69 537
538 537
1109 537
537 538
1109 538
196 539
540 539
1109 539
539 540
1109 540
158 541
542 541
1109 541
541 542
1109 542
73 543
544 543
1109 543
71 544
543 544
1109 544
71 545
546 545
1109 545
70 546
545 546
1109 546
65 547
548 547
1110 547
547 548
1110 548
66 549
550 549
1110 549
549 550
1110 550
157 551
552 551
1110 551
551 552
1110 552
69 553
554 553
1110 553
553 554
1110 554
195 555
556 555
1110 555
555 556
1110 556
68 557
558 557
1110 557
67 558
557 558
1110 558
159 559
560 559
1110 559
68 560
559 560
1110 560
197 561
562 561
1110 561
561 562
1110 562
159 563
564 563
1110 563
563 564
1110 564
73 565
566 565
1110 565
71 566
565 566
1110 566
71 567
568 567
1110 567
70 568
567 568
1110 568
73 569
570 569
1110 569
569 570
1110 570
74 571
572 571
1111 571
571 572
1111 572
79 573
574 573
1111 573
74 574
573 574
1111 574
77 575
576 575
1111 575
575 576
1111 576
80 577
578 577
1111 577
577 578
1111 578
91 579
580 579
1111 579
579 580
1111 580
75 581
582 581
1111 581
581 582
1111 582
79 583
584 583
1111 583
75 584
583 584
1111 584
78 585
586 585
1112 585
585 586
1112 586
79 587
588 587
1112 587
76 588
587 588
1112 588
76 589
590 589
1112 589
589 590
1112 590
77 591
592 591
1112 591
591 592
1112 592
91 593
594 593
1112 593
593 594
1112 594
79 595
596 595
1112 595
78 596
595 596
1112 596
80 597
598 597
1112 597
597 598
1112 598
82 599
600 599
1113 599
599 600
1113 600
81 601
602 601
1113 601
601 602
1113 602
83 603
604 603
1113 603
81 604
603 604
1113 604
82 605
606 605
1114 605
605 606
1114 606
83 607
608 607
1114 607
607 608
1114 608
83 609
610 609
1114 609
609 610
1114 610
92 611
612 611
1115 611
611 612
1115 612
84 613
614 613
1115 613
613 614
1115 614
85 615
616 615
1115 615
615 616
1115 616
160 617
618 617
1115 617
617 618
1115 618
198 619
620 619
1115 619
619 620
1115 620
87 621
622 621
1115 621
86 622
621 622
1115 622
163 623
624 623
1115 623
87 624
623 624
1115 624
88 625
626 625
1115 625
625 626
1115 626
200 627
628 627
1115 627
627 628
1115 628
162 629
630 629
1115 629
629 630
1115 630
92 631
632 631
1115 631
90 632
631 632
1115 632
90 633
634 633
1115 633
89 634
633 634
1115 634
84 635
636 635
1116 635
635 636
1116 636
85 637
638 637
1116 637
637 638
1116 638
161 639
640 639
1116 639
639 640
1116 640
88 641
642 641
1116 641
641 642
1116 642
199 643
644 643
1116 643
643 644
1116 644
87 645
646 645
1116 645
86 646
645 646
1116 646
163 647
648 647
1116 647
87 648
647 648
1116 648
201 649
650 649
1116 649
649 650
1116 650
163 651
652 651
1116 651
651 652
1116 652
92 653
654 653
1116 653
90 654
653 654
1116 654
90 655
656 655
1116 655
89 656
655 656
1116 656
92 657
658 657
1116 657
657 658
1116 658
93 659
660 659
1117 659
659 660
1117 660
98 661
662 661
1117 661
93 662
661 662
1117 662
96 663
664 663
1117 663
663 664
1117 664
99 665
666 665
1117 665
665 666
1117 666
110 667
668 667
1117 667
667 668
1117 668
94 669
670 669
1117 669
669 670
1117 670
98 671
672 671
1117 671
94 672
671 672
1117 672
97 673
674 673
1118 673
673 674
1118 674
98 675
676 675
1118 675
95 676
675 676
1118 676
95 677
678 677
1118 677
677 678
1118 678
96 679
680 679
1118 679
679 680
1118 680
110 681
682 681
1118 681
681 682
1118 682
98 683
684 683
1118 683
97 684
683 684
1118 684
99 685
686 685
1118 685
685 686
1118 686
101 687
688 687
1119 687
687 688
1119 688
100 689
690 689
1119 689
689 690
1119 690
102 691
692 691
1119 691
100 692
691 692
1119 692
101 693
694 693
1120 693
693 694
1120 694
102 695
696 695
1120 695
695 696
1120 696
102 697
698 697
1120 697
697 698
1120 698
111 699
700 699
1121 699
699 700
1121 700
103 701
702 701
1121 701
701 702
1121 702
104 703
704 703
1121 703
703 704
1121 704
164 705
706 705
1121 705
705 706
1121 706
202 707
708 707
1121 707
707 708
1121 708
106 709
710 709
1121 709
105 710
709 710
1121 710
167 711
712 711
1121 711
106 712
711 712
1121 712
107 713
714 713
1121 713
713 714
1121 714
204 715
716 715
1121 715
715 716
1121 716
166 717
718 717
1121 717
717 718
1121 718
111 719
720 719
1121 719
109 720
719 720
1121 720
109 721
722 721
1121 721
108 722
721 722
1121 722
103 723
724 723
1122 723
723 724
1122 724
104 725
726 725
1122 725
725 726
1122 726
165 727
728 727
1122 727
727 728
1122 728
107 729
730 729
1122 729
729 730
1122 730
203 731
732 731
1122 731
731 732
1122 732
106 733
734 733
1122 733
105 734
733 734
1122 734
167 735
736 735
1122 735
106 736
735 736
1122 736
205 737
738 737
1122 737
737 738
1122 738
167 739
740 739
1122 739
739 740
1122 740
111 741
742 741
1122 741
109 742
741 742
1122 742
109 743
744 743
1122 743
108 744
743 744
1122 744
111 745
746 745
1122 745
745 746
1122 746
112 747
748 747
1123 747
747 748
1123 748
117 749
750 749
1123 749
112 750
749 750
1123 750
115 751
752 751
1123 751
751 752
1123 752
118 753
754 753
1123 753
753 754
1123 754
129 755
756 755
1123 755
755 756
1123 756
113 757
758 757
1123 757
757 758
1123 758
117 759
760 759
1123 759
113 760
759 760
1123 760
116 761
762 761
1124 761
761 762
1124 762
117 763
764 763
1124 763
114 764
763 764
1124 764
114 765
766 765
1124 765
765 766
1124 766
115 767
768 767
1124 767
767 768
1124 768
129 769
770 769
1124 769
769 770
1124 770
117 771
772 771
1124 771
116 772
771 772
1124 772
118 773
774 773
1124 773
773 774
1124 774
120 775
776 775
1125 775
775 776
1125 776
119 777
778 777
1125 777
777 778
1125 778
121 779
780 779
1125 779
119 780
779 780
1125 780
120 781
782 781
1126 781
781 782
1126 782
121 783
784 783
1126 783
783 784
1126 784
121 785
786 785
1126 785
785 786
1126 786
130 787
788 787
1127 787
787 788
1127 788
122 789
790 789
1127 789
789 790
1127 790
123 791
792 791
1127 791
791 792
1127 792
168 793
794 793
1127 793
793 794
1127 794
206 795
796 795
1127 795
795 796
1127 796
125 797
798 797
1127 797
124 798
797 798
1127 798
171 799
800 799
1127 799
125 800
799 800
1127 800
126 801
802 801
1127 801
801 802
1127 802
208 803
804 803
1127 803
803 804
1127 804
170 805
806 805
1127 805
805 806
1127 806
130 807
808 807
1127 807
128 808
807 808
1127 808
128 809
810 809
1127 809
127 810
809 810
1127 810
122 811
812 811
1128 811
811 812
1128 812
123 813
814 813
1128 813
813 814
1128 814
169 815
816 815
1128 815
815 816
1128 816
126 817
818 817
1128 817
817 818
1128 818
207 819
820 819
1128 819
819 820
1128 820
125 821
822 821
1128 821
124 822
821 822
1128 822
171 823
824 823
1128 823
125 824
823 824
1128 824
209 825
826 825
1128 825
825 826
1128 826
171 827
828 827
1128 827
827 828
1128 828
130 829
830 829
1128 829
128 830
829 830
1128 830
128 831
832 831
1128 831
127 832
831 832
1128 832
130 833
834 833
1128 833
833 834
1128 834
131 835
836 835
1129 835
835 836
1129 836
178 837
838 837
1129 837
131 838
837 838
1129 838
132 839
840 839
1129 839
839 840
1129 840
142 841
842 841
1129 841
841 842
1129 842
177 843
844 843
1129 843
843 844
1129 844
133 845
846 845
1130 845
845 846
1130 846
176 847
848 847
1130 847
847 848
1130 848
132 849
850 849
1130 849
849 850
1130 850
142 851
852 851
1130 851
851 852
1130 852
178 853
854 853
1130 853
133 854
853 854
1130 854
134 855
856 855
1131 855
855 856
1131 856
180 857
858 857
1131 857
857 858
1131 858
134 859
860 859
1132 859
859 860
1132 860
181 861
862 861
1132 861
861 862
1132 862
143 863
864 863
1133 863
863 864
1133 864
135 865
866 865
1133 865
865 866
1133 866
136 867
868 867
1133 867
867 868
1133 868
172 869
870 869
1133 869
869 870
1133 870
210 871
872 871
1133 871
871 872
1133 872
138 873
874 873
1133 873
137 874
873 874
1133 874
175 875
876 875
1133 875
138 876
875 876
1133 876
139 877
878 877
1133 877
877 878
1133 878
212 879
880 879
1133 879
879 880
1133 880
174 881
882 881
1133 881
881 882
1133 882
143 883
884 883
1133 883
141 884
883 884
1133 884
141 885
886 885
1133 885
140 886
885 886
1133 886
135 887
888 887
1134 887
887 888
1134 888
136 889
890 889
1134 889
889 890
1134 890
173 891
892 891
1134 891
891 892
1134 892
139 893
894 893
1134 893
893 894
1134 894
211 895
896 895
1134 895
895 896
1134 896
138 897
898 897
1134 897
137 898
897 898
1134 898
175 899
900 899
1134 899
138 900
899 900
1134 900
213 901
902 901
1134 901
901 902
1134 902
175 903
904 903
1134 903
903 904
1134 904
143 905
906 905
1134 905
141 906
905 906
1134 906
141 907
908 907
1134 907
140 908
907 908
1134 908
143 909
910 909
1134 909
909 910
1134 910
145 911
912 911
1091 911
144 912
911 912
1091 912
145 913
914 913
1092 913
913 914
1092 914
147 915
916 915
1091 915
146 916
915 916
1091 916
147 917
918 917
1092 917
917 918
1092 918
149 919
920 919
1097 919
148 920
919 920
1097 920
149 921
922 921
1098 921
921 922
1098 922
151 923
924 923
1097 923
150 924
923 924
1097 924
151 925
926 925
1098 925
925 926
1098 926
153 927
928 927
1103 927
152 928
927 928
1103 928
153 929
930 929
1104 929
929 930
1104 930
155 931
932 931
1103 931
154 932
931 932
1103 932
155 933
934 933
1104 933
933 934
1104 934
157 935
936 935
1109 935
156 936
935 936
1109 936
157 937
938 937
1110 937
937 938
1110 938
159 939
940 939
1109 939
158 940
939 940
1109 940
159 941
942 941
1110 941
941 942
1110 942
161 943
944 943
1115 943
160 944
943 944
1115 944
161 945
946 945
1116 945
945 946
1116 946
163 947
948 947
1115 947
162 948
947 948
1115 948
163 949
950 949
1116 949
949 950
1116 950
165 951
952 951
1121 951
164 952
951 952
1121 952
165 953
954 953
1122 953
953 954
1122 954
167 955
956 955
1121 955
166 956
955 956
1121 956
167 957
958 957
1122 957
957 958
1122 958
169 959
960 959
1127 959
168 960
959 960
1127 960
169 961
962 961
1128 961
961 962
1128 962
171 963
964 963
1127 963
170 964
963 964
1127 964
171 965
966 965
1128 965
965 966
1128 966
173 967
968 967
1133 967
172 968
967 968
1133 968
173 969
970 969
1134 969
969 970
1134 970
175 971
972 971
1133 971
174 972
971 972
1133 972
175 973
974 973
1134 973
973 974
1134 974
178 975
976 975
1130 975
176 976
975 976
1130 976
179 977
978 977
1129 977
977 978
1129 978
178 979
980 979
1129 979
177 980
979 980
1129 980
179 981
982 981
1130 981
981 982
1130 982
181 983
984 983
1131 983
180 984
983 984
1131 984
181 985
986 985
1132 985
985 986
1132 986
183 987
988 987
1091 987
182 988
987 988
1091 988
183 989
990 989
1092 989
989 990
1092 990
185 991
992 991
1092 991
991 992
1092 992
185 993
994 993
1091 993
184 994
993 994
1091 994
187 995
996 995
1097 995
186 996
995 996
1097 996
187 997
998 997
1098 997
997 998
1098 998
189 999
1000 999
1098 999
999 1000
1098 1000
189 1001
1002 1001
1097 1001
188 1002
1001 1002
1097 1002
191 1003
1004 1003
1103 1003
190 1004
1003 1004
1103 1004
191 1005
1006 1005
1104 1005
1005 1006
1104 1006
193 1007
1008 1007
1104 1007
1007 1008
1104 1008
193 1009
1010 1009
1103 1009
192 1010
1009 1010
1103 1010
195 1011
1012 1011
1109 1011
194 1012
1011 1012
1109 1012
195 1013
1014 1013
1110 1013
1013 1014
1110 1014
197 1015
1016 1015
1110 1015
1015 1016
1110 1016
197 1017
1018 1017
1109 1017
196 1018
1017 1018
1109 1018
199 1019
1020 1019
1115 1019
198 1020
1019 1020
1115 1020
199 1021
1022 1021
1116 1021
1021 1022
1116 1022
201 1023
1024 1023
1116 1023
1023 1024
1116 1024
201 1025
1026 1025
1115 1025
200 1026
1025 1026
1115 1026
203 1027
1028 1027
1121 1027
202 1028
1027 1028
1121 1028
203 1029
1030 1029
1122 1029
1029 1030
1122 1030
205 1031
1032 1031
1122 1031
1031 1032
1122 1032
205 1033
1034 1033
1121 1033
204 1034
1033 1034
1121 1034
207 1035
1036 1035
1127 1035
206 1036
1035 1036
1127 1036
207 1037
1038 1037
1128 1037
1037 1038
1128 1038
209 1039
1040 1039
1128 1039
1039 1040
1128 1040
209 1041
1042 1041
1127 1041
208 1042
1041 1042
1127 1042
211 1043
1044 1043
1133 1043
210 1044
1043 1044
1133 1044
211 1045
1046 1045
1134 1045
1045 1046
1134 1046
213 1047
1048 1047
1134 1047
1047 1048
1134 1048
213 1049
1050 1049
1133 1049
212 1050
1049 1050
1133 1050
214 1051
1052 1051
1092 1051
1051 1052
1092 1052
214 1053
1054 1053
1091 1053
1053 1054
1091 1054
215 1055
1056 1055
1098 1055
1055 1056
1098 1056
215 1057
1058 1057
1097 1057
1057 1058
1097 1058
216 1059
1060 1059
1104 1059
1059 1060
1104 1060
216 1061
1062 1061
1103 1061
1061 1062
1103 1062
217 1063
1064 1063
1110 1063
1063 1064
1110 1064
217 1065
1066 1065
1109 1065
1065 1066
1109 1066
218 1067
1068 1067
1116 1067
1067 1068
1116 1068
218 1069
1070 1069
1115 1069
1069 1070
1115 1070
219 1071
1072 1071
1122 1071
1071 1072
1122 1072
219 1073
1074 1073
1121 1073
1073 1074
1121 1074
220 1075
1076 1075
1128 1075
1075 1076
1128 1076
220 1077
1078 1077
1127 1077
1077 1078
1127 1078
221 1079
1080 1079
1134 1079
1079 1080
1134 1080
221 1081
1082 1081
1133 1081
1081 1082
1133 1082
1084 1083
1089 1083
1153 1083
1083 1084
1089 1084
1086 1085
1090 1085
1153 1085
1085 1086
1090 1086
223 1087
224 1087
225 1087
226 1087
227 1087
228 1087
229 1087
230 1087
231 1087
232 1087
233 1087
234 1087
235 1087
236 1087
1154 1087
237 1088
238 1088
239 1088
240 1088
241 1088
242 1088
243 1088
244 1088
245 1088
246 1088
247 1088
248 1088
249 1088
250 1088
1155 1088
251 1089
252 1089
253 1089
254 1089
1083 1089
1084 1089
1156 1089
255 1090
256 1090
257 1090
258 1090
1085 1090
1086 1090
1157 1090
259 1091
260 1091
261 1091
262 1091
263 1091
264 1091
265 1091
266 1091
267 1091
268 1091
269 1091
270 1091
271 1091
272 1091
273 1091
274 1091
275 1091
276 1091
277 1091
278 1091
279 1091
280 1091
281 1091
282 1091
911 1091
912 1091
915 1091
916 1091
987 1091
988 1091
993 1091
994 1091
1053 1091
1054 1091
1158 1091
283 1092
284 1092
285 1092
286 1092
287 1092
288 1092
289 1092
290 1092
291 1092
292 1092
293 1092
294 1092
295 1092
296 1092
297 1092
298 1092
299 1092
300 1092
301 1092
302 1092
303 1092
304 1092
305 1092
306 1092
913 1092
914 1092
917 1092
918 1092
989 1092
990 1092
991 1092
992 1092
1051 1092
1052 1092
1159 1092
307 1093
308 1093
309 1093
310 1093
311 1093
312 1093
313 1093
314 1093
315 1093
316 1093
317 1093
318 1093
319 1093
320 1093
1160 1093
321 1094
322 1094
323 1094
324 1094
325 1094
326 1094
327 1094
328 1094
329 1094
330 1094
331 1094
332 1094
333 1094
334 1094
1161 1094
335 1095
336 1095
337 1095
338 1095
339 1095
340 1095
1162 1095
341 1096
342 1096
343 1096
344 1096
345 1096
346 1096
1163 1096
347 1097
348 1097
349 1097
350 1097
351 1097
352 1097
353 1097
354 1097
355 1097
356 1097
357 1097
358 1097
359 1097
360 1097
361 1097
362 1097
363 1097
364 1097
365 1097
366 1097
367 1097
368 1097
369 1097
370 1097
919 1097
920 1097
923 1097
924 1097
995 1097
996 1097
1001 1097
1002 1097
1057 1097
1058 1097
1164 1097
371 1098
372 1098
373 1098
374 1098
375 1098
376 1098
377 1098
378 1098
379 1098
380 1098
381 1098
382 1098
383 1098
384 1098
385 1098
386 1098
387 1098
388 1098
389 1098
390 1098
391 1098
392 1098
393 1098
394 1098
921 1098
922 1098
925 1098
926 1098
997 1098
998 1098
999 1098
1000 1098
1055 1098
1056 1098
1165 1098
395 1099
396 1099
397 1099
398 1099
399 1099
400 1099
401 1099
402 1099
403 1099
404 1099
405 1099
406 1099
407 1099
408 1099
1166 1099
409 1100
410 1100
411 1100
412 1100
413 1100
414 1100
415 1100
416 1100
417 1100
418 1100
419 1100
420 1100
421 1100
422 1100
1167 1100
423 1101
424 1101
425 1101
426 1101
427 1101
428 1101
1168 1101
429 1102
430 1102
431 1102
432 1102
433 1102
434 1102
1169 1102
435 1103
436 1103
437 1103
438 1103
439 1103
440 1103
441 1103
442 1103
443 1103
444 1103
445 1103
446 1103
447 1103
448 1103
449 1103
450 1103
451 1103
452 1103
453 1103
454 1103
455 1103
456 1103
457 1103
458 1103
927 1103
928 1103
931 1103
932 1103
1003 1103
1004 1103
1009 1103
1010 1103
1061 1103
1062 1103
1170 1103
459 1104
460 1104
461 1104
462 1104
463 1104
464 1104
465 1104
466 1104
467 1104
468 1104
469 1104
470 1104
471 1104
472 1104
473 1104
474 1104
475 1104
476 1104
477 1104
478 1104
479 1104
480 1104
481 1104
482 1104
929 1104
930 1104
933 1104
934 1104
1005 1104
1006 1104
1007 1104
1008 1104
1059 1104
1060 1104
1171 1104
483 1105
484 1105
485 1105
486 1105
487 1105
488 1105
489 1105
490 1105
491 1105
492 1105
493 1105
494 1105
495 1105
496 1105
1172 1105
497 1106
498 1106
499 1106
500 1106
501 1106
502 1106
503 1106
504 1106
505 1106
506 1106
507 1106
508 1106
509 1106
510 1106
1173 1106
511 1107
512 1107
513 1107
514 1107
515 1107
516 1107
1174 1107
517 1108
518 1108
519 1108
520 1108
521 1108
522 1108
1175 1108
523 1109
524 1109
525 1109
526 1109
527 1109
528 1109
529 1109
530 1109
531 1109
532 1109
533 1109
534 1109
535 1109
536 1109
537 1109
538 1109
539 1109
540 1109
541 1109
542 1109
543 1109
544 1109
545 1109
546 1109
935 1109
936 1109
939 1109
940 1109
1011 1109
1012 1109
1017 1109
1018 1109
1065 1109
1066 1109
1176 1109
547 1110
548 1110
549 1110
550 1110
551 1110
552 1110
553 1110
554 1110
555 1110
556 1110
557 1110
558 1110
559 1110
560 1110
561 1110
562 1110
563 1110
564 1110
565 1110
566 1110
567 1110
568 1110
569 1110
570 1110
937 1110
938 1110
941 1110
942 1110
1013 1110
1014 1110
1015 1110
1016 1110
1063 1110
1064 1110
1177 1110
571 1111
572 1111
573 1111
574 1111
575 1111
576 1111
577 1111
578 1111
579 1111
580 1111
581 1111
582 1111
583 1111
584 1111
1178 1111
585 1112
586 1112
587 1112
588 1112
589 1112
590 1112
591 1112
592 1112
593 1112
594 1112
595 1112
596 1112
597 1112
598 1112
1179 1112
599 1113
600 1113
601 1113
602 1113
603 1113
604 1113
1180 1113
605 1114
606 1114
607 1114
608 1114
609 1114
610 1114
1181 1114
611 1115
612 1115
613 1115
614 1115
615 1115
616 1115
617 1115
618 1115
619 1115
620 1115
621 1115
622 1115
623 1115
624 1115
625 1115
626 1115
627 1115
628 1115
629 1115
630 1115
631 1115
632 1115
633 1115
634 1115
943 1115
944 1115
947 1115
948 1115
1019 1115
1020 1115
1025 1115
1026 1115
1069 1115
1070 1115
1182 1115
635 1116
636 1116
637 1116
638 1116
639 1116
640 1116
641 1116
642 1116
643 1116
644 1116
645 1116
646 1116
647 1116
648 1116
649 1116
650 1116
651 1116
652 1116
653 1116
654 1116
655 1116
656 1116
657 1116
658 1116
945 1116
946 1116
949 1116
950 1116
1021 1116
1022 1116
1023 1116
1024 1116
1067 1116
1068 1116
1183 1116
659 1117
660 1117
661 1117
662 1117
663 1117
664 1117
665 1117
666 1117
667 1117
668 1117
669 1117
670 1117
671 1117
672 1117
1184 1117
673 1118
674 1118
675 1118
676 1118
677 1118
678 1118
679 1118
680 1118
681 1118
682 1118
683 1118
684 1118
685 1118
686 1118
1185 1118
687 1119
688 1119
689 1119
690 1119
691 1119
692 1119
1186 1119
693 1120
694 1120
695 1120
696 1120
697 1120
698 1120
1187 1120
699 1121
700 1121
701 1121
702 1121
703 1121
704 1121
705 1121
706 1121
707 1121
708 1121
709 1121
710 1121
711 1121
712 1121
713 1121
714 1121
715 1121
716 1121
717 1121
718 1121
719 1121
720 1121
721 1121
722 1121
951 1121
952 1121
955 1121
956 1121
1027 1121
1028 1121
1033 1121
1034 1121
1073 1121
1074 1121
1188 1121
723 1122
724 1122
725 1122
726 1122
727 1122
728 1122
729 1122
730 1122
731 1122
732 1122
733 1122
734 1122
735 1122
736 1122
737 1122
738 1122
739 1122
740 1122
741 1122
742 1122
743 1122
744 1122
745 1122
746 1122
953 1122
954 1122
957 1122
958 1122
1029 1122
1030 1122
1031 1122
1032 1122
1071 1122
1072 1122
1189 1122
747 1123
748 1123
749 1123
750 1123
751 1123
752 1123
753 1123
754 1123
755 1123
756 1123
757 1123
758 1123
759 1123
760 1123
1190 1123
761 1124
762 1124
763 1124
764 1124
765 1124
766 1124
767 1124
768 1124
769 1124
770 1124
771 1124
772 1124
773 1124
774 1124
1191 1124
775 1125
776 1125
777 1125
778 1125
779 1125
780 1125
1192 1125
781 1126
782 1126
783 1126
784 1126
785 1126
786 1126
1193 1126
787 1127
788 1127
789 1127
790 1127
791 1127
792 1127
793 1127
794 1127
795 1127
796 1127
797 1127
798 1127
799 1127
800 1127
801 1127
802 1127
803 1127
804 1127
805 1127
806 1127
807 1127
808 1127
809 1127
810 1127
959 1127
960 1127
963 1127
964 1127
1035 1127
1036 1127
1041 1127
1042 1127
1077 1127
1078 1127
1194 1127
811 1128
812 1128
813 1128
814 1128
815 1128
816 1128
817 1128
818 1128
819 1128
820 1128
821 1128
822 1128
823 1128
824 1128
825 1128
826 1128
827 1128
828 1128
829 1128
830 1128
831 1128
832 1128
833 1128
834 1128
961 1128
962 1128
965 1128
966 1128
1037 1128
1038 1128
1039 1128
1040 1128
1075 1128
1076 1128
1195 1128
835 1129
836 1129
837 1129
838 1129
839 1129
840 1129
841 1129
842 1129
843 1129
844 1129
977 1129
978 1129
979 1129
980 1129
1196 1129
845 1130
846 1130
847 1130
848 1130
849 1130
850 1130
851 1130
852 1130
853 1130
854 1130
975 1130
976 1130
981 1130
982 1130
1197 1130
855 1131
856 1131
857 1131
858 1131
983 1131
984 1131
1198 1131
859 1132
860 1132
861 1132
862 1132
985 1132
986 1132
1199 1132
863 1133
864 1133
865 1133
866 1133
867 1133
868 1133
869 1133
870 1133
871 1133
872 1133
873 1133
874 1133
875 1133
876 1133
877 1133
878 1133
879 1133
880 1133
881 1133
882 1133
883 1133
884 1133
885 1133
886 1133
967 1133
968 1133
971 1133
972 1133
1043 1133
1044 1133
1049 1133
1050 1133
1081 1133
1082 1133
1200 1133
887 1134
888 1134
889 1134
890 1134
891 1134
892 1134
893 1134
894 1134
895 1134
896 1134
897 1134
898 1134
899 1134
900 1134
901 1134
902 1134
903 1134
904 1134
905 1134
906 1134
907 1134
908 1134
909 1134
910 1134
969 1134
970 1134
973 1134
974 1134
1045 1134
1046 1134
1047 1134
1048 1134
1079 1134
1080 1134
1201 1134
911 1135
912 1135
913 1135
914 1135
915 1135
916 1135
917 1135
918 1135
1202 1135
919 1136
920 1136
921 1136
922 1136
923 1136
924 1136
925 1136
926 1136
1203 1136
927 1137
928 1137
929 1137
930 1137
931 1137
932 1137
933 1137
934 1137
1204 1137
935 1138
936 1138
937 1138
938 1138
939 1138
940 1138
941 1138
942 1138
1205 1138
943 1139
944 1139
945 1139
946 1139
947 1139
948 1139
949 1139
950 1139
1206 1139
951 1140
952 1140
953 1140
954 1140
955 1140
956 1140
957 1140
958 1140
1207 1140
959 1141
960 1141
961 1141
962 1141
963 1141
964 1141
965 1141
966 1141
1208 1141
967 1142
968 1142
969 1142
970 1142
971 1142
972 1142
973 1142
974 1142
1209 1142
975 1143
976 1143
977 1143
978 1143
979 1143
980 1143
981 1143
982 1143
983 1143
984 1143
985 1143
986 1143
1210 1143
987 1144
988 1144
989 1144
990 1144
991 1144
992 1144
993 1144
994 1144
1211 1144
995 1145
996 1145
997 1145
998 1145
999 1145
1000 1145
1001 1145
1002 1145
1212 1145
1003 1146
1004 1146
1005 1146
1006 1146
1007 1146
1008 1146
1009 1146
1010 1146
1213 1146
1011 1147
1012 1147
1013 1147
1014 1147
1015 1147
1016 1147
1017 1147
1018 1147
1214 1147
1019 1148
1020 1148
1021 1148
1022 1148
1023 1148
1024 1148
1025 1148
1026 1148
1215 1148
1027 1149
1028 1149
1029 1149
1030 1149
1031 1149
1032 1149
1033 1149
1034 1149
1216 1149
1035 1150
1036 1150
1037 1150
1038 1150
1039 1150
1040 1150
1041 1150
1042 1150
1217 1150
1043 1151
1044 1151
1045 1151
1046 1151
1047 1151
1048 1151
1049 1151
1050 1151
1218 1151
1051 1152
1052 1152
1053 1152
1054 1152
1055 1152
1056 1152
1057 1152
1058 1152
1059 1152
1060 1152
1061 1152
1062 1152
1063 1152
1064 1152
1065 1152
1066 1152
1067 1152
1068 1152
1069 1152
1070 1152
1071 1152
1072 1152
1073 1152
1074 1152
1075 1152
1076 1152
1077 1152
1078 1152
1079 1152
1080 1152
1081 1152
1082 1152
1219 1152
1083 1153
1085 1153
1087 1154
1088 1155
1089 1156
1090 1157
1091 1158
1092 1159
1093 1160
1094 1161
1095 1162
1096 1163
1097 1164
1098 1165
1099 1166
1100 1167
1101 1168
1102 1169
1103 1170
1104 1171
1105 1172
1106 1173
1107 1174
1108 1175
1109 1176
1110 1177
1111 1178
1112 1179
1113 1180
1114 1181
1115 1182
1116 1183
1117 1184
1118 1185
1119 1186
1120 1187
1121 1188
1122 1189
1123 1190
1124 1191
1125 1192
1126 1193
1127 1194
1128 1195
1129 1196
1130 1197
1131 1198
1132 1199
1133 1200
1134 1201
1135 1202
1136 1203
1137 1204
1138 1205
1139 1206
1140 1207
1141 1208
1142 1209
1143 1210
1144 1211
1145 1212
1146 1213
1147 1214
1148 1215
1149 1216
1150 1217
1151 1218
1152 1219
