11.1628,15.5829
11.5258,16.9795
12.3223,16.4212
11.4219,17.0052
11.9632,16.5918
11.5781,16.4962
12.0331,16.7343
12.1843,15.5591
11.2949,16.5212
11.309,16.361
12.3284,16.5033
12.1322,15.8856
10.9142,17.057
11.5386,16.94
11.653,16.9934
10.9451,17.1695
11.9509,16.0428
11.1559,16.9552
11.8721,16.9378
11.6868,16.3385
12.0042,16.8726
12.0021,15.7105
12.3329,16.1501
11.6077,16.2455
12.307,16.2577
11.638,16.3082
11.4917,16.1755
12.4741,16.0828
11.0504,16.749
11.9482,16.3203
11.8752,16.1267
12.0894,16.3675
11.3805,16.7822
12.1794,15.8019
11.5656,13.9517
12.083,16.7374
11.6906,16.2304
12.4551,16.3153
11.5714,16.9328
12.264,16.2584
12.0333,16.4289
11.4888,16.4521
12.418,15.9054
10.9564,16.9325
11.3818,17.1561
11.6175,17.0125
12.2021,16.2293
11.0006,17.1756
11.7462,16.2595
12.4672,16.2792
11.1952,17.1696
11.2879,17.0947
12.4906,15.9745
11.8187,16.287
12.2585,16.4836
11.27,17.0224
11.8961,15.7345
11.9532,16.0845
10.9328,15.1779
11.0564,17.074
12.4194,16.27
11.0743,16.9698
11.8836,16.7297
12.3368,16.4399
10.8318,16.6301
12.1721,16.3095
11.6097,16.8081
11.9422,15.7248
11.7163,16.5846
12.108,16.1683
12.2632,15.9311
12.5046,16.1268
11.8356,16.1794
12.3556,16.3189
12.2304,16.6493
11.1951,16.9756
12.3966,16.3629
11.5509,17.085
11.2466,17.1521
12.1386,16.213
11.924,15.3967
12.1848,16.6589
11.6654,16.3794
12.3309,16.2267
11.3037,16.8646
11.2552,17.1055
11.0205,16.8333
12.376,15.6594
11.981,16.7263
11.6387,17.0483
12.3207,15.8434
11.8974,15.8811
11.7911,16.5225
11.8422,15.9454
11.9876,16.2038
10.9133,17.1048
12.0504,16.6611
12.1829,16.0302
11.257,16.43
12.0555,16.3281
11.6906,16.1331
12.2137,16.5867
12.2263,16.0737
12.3256,15.6484
11.6634,16.7779
11.2012,16.8168
11.4081,17.1117
9.97043,14.4634
11.2364,16.7634
11.3437,16.708
12.4643,15.9555
11.8382,16.4793
11.0511,17.1933
11.403,16.2541
12.0329,16.8121
11.2731,16.6302
11.5854,16.7146
11.9743,16.8708
11.7568,16.6645
10.9516,16.4697
12.2878,15.6063
11.9168,16.8215
12.0934,15.7389
11.7761,16.9635
12.4041,15.9874
12.1364,15.5411
12.1712,16.7044
11.8843,16.6425
11.847,16.3924
11.7938,16.9461
12.4986,16.2454
11.9141,16.0193
11.6411,16.7358
11.2834,16.9765
11.6678,16.0986
11.1574,17.1946
12.226,15.0586
11.1387,16.5829
12.0327,15.8423
11.6891,17.062
11.6313,16.1811
11.6246,16.0861
11.4319,16.5441
11.1837,16.6503
11.9353,16.3968
11.775,16.884
12.2439,15.5938
11.2781,17.1899
11.1936,16.5631
11.8955,16.5514
10.8322,16.6814
11.1284,17.1358
12.4211,16.1152
10.9919,17.0834
10.9319,16.965
12.3976,16.3971
12.1623,15.5666
12.3509,15.8934
11.6424,16.9269
11.8914,16.2307
12.2663,16.6126
12.1183,16.4065
11.1152,17.1679
11.9063,15.3647
12.3705,16.4779
12.2321,16.5192
11.9426,15.2988
12.1112,16.0668
12.3011,16.5514
12.2335,15.6824
11.5338,16.6468
10.2893,15.5694
11.2612,16.5674
11.5449,13.9051
11.1966,17.0995
11.4631,16.3869
11.6873,16.9739
11.7798,15.9475
12.1749,16.5378
12.0531,15.9538
11.333,16.5747
11.7683,16.1146
11.1825,17.1466
11.8394,16.9482
11.5099,16.694
12.0068,16.6209
11.4636,16.8124
11.8514,16.0637
11.828,16.649
10.8031,16.6907
12.2861,16.0412
12.3727,15.9317
12.0549,15.9946
12.0697,16.1709
11.6029,16.6451
12.0117,16.794
12.2075,16.6269
11.4686,16.9488
11.6055,14.1529
11.1728,16.5787
11.6452,16.4321
12.0921,15.7939
11.9708,15.3277
11.463,16.4499
12.4008,16.228
12.2484,15.8253
12.5093,16.0701
12.1351,15.8343
11.3335,17.1216
10.9228,17.0107
12.1393,16.7269
11.6726,16.85
12.1911,16.3977
12.2109,15.619
11.4662,16.901
12.3349,15.8788
12.249,15.9861
10.7844,16.781
11.533,17.1091
11.0113,17.2054
11.4222,17.1481
12.189,16.1683
11.0245,16.9473
11.2115,16.8842
11.4184,16.6717
11.876,16.2032
12.108,16.6617
11.3766,16.4463
11.6126,17.0824
10.984,17.1492
12.069,16.504
11.3396,16.8971
11.7722,16.806
10.9706,17.1288
12.4499,16.0214
11.974,15.986
11.9413,16.4635
11.5182,17.0638
11.2413,16.9746
11.3365,16.378
10.943,17.0903
12.5014,16.0082
12.3166,16.4019
11.3981,16.689
11.0942,17.2043
11.7787,16.6112
12.3174,15.5977
11.1128,17.0883
11.2072,16.6919
11.6,16.4099
10.9798,16.9523
11.0603,16.789
11.4258,16.3103
11.7409,17.019
11.5532,16.8395
11.8152,16.9778
12.2827,16.5196
12.0771,16.5812
11.2003,16.7698
12.0007,16.0485
12.4292,16.3698
11.6763,16.5587
10.8911,17.093
11.8299,15.9887
12.3023,16.1061
11.0265,17.0104
12.4425,16.0248
12.0516,15.874
12.2372,16.4295
11.35,15.8945
11.3008,17.1567
11.4401,16.2615
11.5462,16.1897
11.8194,16.8969
11.4971,17.1049
11.3823,17.0209
12.2301,16.353
11.8439,16.4061
11.1263,16.7111
10.9515,17.0306
11.8412,16.6329
11.7886,16.7993
10.978,16.8813
12.4045,16.3287
11.3487,16.8282
12.2721,15.7293
11.9166,16.9021
12.4385,15.9265
11.0259,16.8962
11.7495,16.9479
11.1475,16.9894
11.5898,16.5903
10.9158,17.1393
12.429,16.1896
12.3971,16.0455
11.7675,16.0206
11.1098,16.7687
11.4301,16.9053
11.1141,16.8843
11.4087,16.4823
12.3525,16.0189
12.0948,16.7587
12.124,16.5743
11.3731,16.5146
12.1873,15.7193
11.3374,17.1746
12.3609,16.4587
12.0716,16.8048
12.0826,15.565
11.0431,17.1599
11.673,16.0934
11.2077,17.2006
11.1226,16.8246
11.6212,16.1991
11.115,16.9841
12.0309,15.6537
12.1366,15.933
11.9912,16.836
11.5675,17.0818
11.0494,17.1157
12.0857,16.5177
11.935,15.9194
11.939,15.6898
11.5315,16.2878
12.2419,15.6696
11.8705,16.7872
11.3792,17.1107
11.4519,17.136
12.2535,16.5932
11.7252,16.3561
12.5053,16.1799
11.8883,16.802
11.9851,16.6503
12.3664,16.2454
11.2547,16.6551
12.2455,15.8834
12.478,16.1782
12.3034,16.1896
12.1507,16.6439
12.1496,15.6209
11.7211,16.811
11.7059,17.0052
11.5102,17.0155
11.9299,16.8404
11.8891,16.901
12.0966,16.3292
12.4409,16.1251
11.3667,16.9393
10.4427,13.0719
10.7424,11.6721
11.4898,12.5379
11.4066,12.8441
9.93098,12.0711
10.3143,13.2386
10.1287,11.8667
10.6526,11.8887
11.0939,11.8168
11.4315,12.249
9.72767,12.0292
10.8536,11.8451
10.6725,12.2817
10.0739,11.9509
10.4906,11.7055
10.4784,13.3002
11.2768,12.8185
10.2762,11.7318
10.7895,13.4781
10.0248,12.1808
9.9659,12.2192
11.3056,12.3391
10.6722,12.4649
11.0839,11.8445
11.0762,11.7386
10.4525,12.5273
10.4874,12.49
10.2168,12.1158
10.3575,13.1587
11.2392,11.876
11.155,12.6616
9.68887,12.0649
10.8913,12.0051
10.8305,11.9601
11.1551,11.7834
10.7678,11.6571
10.5553,11.6695
9.79815,12.2038
10.4802,11.6508
10.5747,12.2666
9.6401,12.2655
10.4458,13.4032
11.0586,11.9659
10.3851,12.4692
10.4207,12.3512
11.0072,12.6769
10.4061,12.0997
10.6769,12.486
10.4502,11.8124
11.1759,12.5244
10.6899,12.1137
11.1633,12.765
10.5808,12.4795
11.203,11.8731
10.6803,12.3495
10.2021,11.8759
11.0721,12.5164
11.4814,12.3321
11.0939,11.7636
11.5283,12.1802
11.1307,12.5814
10.5347,12.0728
10.9828,11.975
10.5995,11.6496
10.587,12.5511
10.9723,11.8617
10.33,13.063
11.5333,12.4082
10.5182,12.3515
10.4661,12.3587
10.9365,11.8554
10.4107,12.4974
10.2829,13.2687
11.5372,12.2489
10.214,12.2142
10.6009,12.4363
10.5437,11.9281
11.5098,12.2632
11.6011,12.4281
11.4658,12.9364
11.0105,13.4695
10.9514,11.7
11.2525,12.6768
11.0472,12.5867
11.2497,12.5188
11.6247,12.3162
11.3456,12.484
11.4848,12.3942
11.1108,12.6217
10.4435,11.6632
11.1333,12.6627
10.6515,12.313
10.0373,12.0455
11.3824,12.8532
11.5722,12.4467
10.9182,11.699
11.3454,12.5962
10.8675,11.7405
10.1076,12.1603
10.362,11.6674
11.2394,11.855
11.5443,12.2056
10.7335,11.8857
10.5042,12.2975
11.355,12.294
10.1168,11.7551
9.88208,11.947
11.2919,12.2799
10.6066,12.3107
11.4844,12.5126
10.6624,11.8638
11.5476,12.4823
10.7224,12.3608
10.2733,12.4365
10.2464,11.9653
11.2377,12.481
11.4397,12.8322
10.5588,12.549
10.2537,11.7096
9.82841,11.9463
11.1605,11.8556
11.4247,12.3185
11.0121,11.7264
10.5684,12.3056
9.46634,12.1982
11.2312,12.4157
10.9935,11.8092
10.3546,13.1796
11.4979,12.8527
11.6454,12.3188
9.94574,11.9441
11.1764,12.45
11.5457,12.3436
10.8518,12.0541
11.3107,12.5608
10.3009,13.2249
10.337,13.2696
11.5914,12.2391
10.1675,11.9637
9.95757,12.1933
10.2057,11.9848
10.5991,11.7389
10.209,11.8536
10.4802,11.8157
10.3323,12.4972
10.0723,12.2953
9.88969,12.2886
10.3767,11.7953
10.0842,12.2775
10.5169,12.5351
9.77974,12.0024
9.99246,11.8253
11.0728,12.562
11.4362,12.8733
10.7145,11.8342
9.66155,12.3549
11.3845,12.1673
10.7786,11.9513
11.2226,12.6818
11.1219,12.5173
11.4453,12.2637
10.3865,11.929
11.4674,12.1763
11.4022,12.4839
11.4034,12.5721
10.6158,12.5627
11.221,12.5859
11.1696,12.6146
11.4575,12.4427
10.7543,13.4236
11.5375,12.5432
10.9493,11.9278
10.553,12.4133
10.0856,11.998
9.969,11.9006
11.3527,12.3131
10.2748,12.4861
10.5063,12.4478
10.7765,13.6198
9.64115,12.3003
11.5708,12.2358
11.0233,11.7668
10.3029,11.6783
11.3602,12.218
10.7855,11.745
10.6807,11.6637
11.6136,12.3704
10.3105,12.0784
9.92328,12.1093
9.59692,12.3122
10.378,13.3155
10.3869,11.8837
11.0276,12.0009
11.6246,12.3391
10.3239,12.439
11.6447,12.2827
11.1962,12.6181
11.3386,12.4026
11.4252,12.2254
10.6759,11.7614
10.2913,11.9825
11.5239,12.9592
10.8275,11.6668
10.6718,11.9529
11.1763,11.8231
10.6301,12.5264
11.4416,12.3957
10.7353,12.0184
11.3139,12.3083
10.2356,12.1308
11.47,12.2919
10.4511,12.5789
10.5269,12.1052
10.335,12.5431
11.2052,11.8303
11.0262,13.4809
11.4795,12.8459
10.2822,11.8941
10.2708,13.2097
9.55453,12.4409
10.2132,11.7431
11.5551,12.3566
11.509,12.3695
9.9076,11.9026
9.71226,12.0494
10.5608,11.8415
10.4061,11.9026
10.9162,11.7411
10.3793,11.6751
10.3053,11.7654
11.1309,11.82
10.5842,11.8527
9.76839,13.1552
10.1544,11.7517
10.423,11.6506
10.749,11.7742
10.7523,12.1202
10.5171,11.697
9.83933,11.9803
10.4698,11.9403
9.71709,11.9957
10.4129,11.9963
9.46612,12.1738
10.3759,12.4268
10.0095,11.878
9.7972,12.0244
11.5668,12.1001
10.0962,11.8133
10.3371,13.3557
9.97662,11.7876
10.0371,11.7728
10.7272,11.6392
11.1003,12.0207
10.8527,13.5884
10.2334,11.7431
10.8394,11.7085
10.4539,12.453
10.9028,11.8297
10.7699,13.5504
10.7993,11.733
11.2315,11.9398
11.2789,12.3641
9.41937,12.232
9.88951,11.8662
11.1049,11.9816
10.0922,11.7892
11.345,12.6421
11.0359,11.879
10.0726,12.0131
10.6874,11.8721
10.3307,11.955
10.2653,11.6593
9.83304,12.0501
9.63463,12.0698
10.1827,11.7046
10.0668,11.7564
10.7446,11.7282
9.75166,11.9547
9.79851,11.96
10.0066,11.9277
10.3521,11.7228
9.92913,13.2451
10.0226,12.1411
9.78862,11.9137
11.2533,11.9875
10.9634,11.9149
11.3761,12.3989
11.1961,11.9739
10.6183,11.6235
10.4415,13.3664
9.64102,12.0504
9.8186,12.2475
10.8777,11.9725
10.8094,13.55
10.6235,11.7126
10.1945,11.8287
10.4453,11.7365
10.4121,12.3855
9.46333,12.2452
11.0797,11.7966
10.8606,11.7346
10.088,13.2776
10.9204,11.8413
10.2276,13.2518
10.55,11.7227
10.102,11.9782
10.2089,11.7612
10.9782,12.042
10.9571,12.0693
10.5751,11.649
10.6607,11.668
11.188,11.9215
10.3304,11.6995
10.4448,11.8427
10.939,11.693
10.9745,12.0637
11.1339,11.94
11.2781,11.9481
11.1467,11.8381
11.5685,12.275
10.6721,11.7431
11.305,12.6014
10.5495,11.7812
9.74901,12.1826
10.8217,11.794
10.3854,11.7587
9.98895,11.8692
10.8203,11.8677
11.4938,12.4378
9.68413,12.1216
9.73727,12.2078
9.79488,12.1333
10.9751,11.7203
10.0118,11.8478
9.94689,11.8042
10.6783,12.3159
10.4752,11.6326
11.0532,11.9199
5.58238,13.7321
4.73847,13.9299
4.80529,13.5661
4.68599,12.7553
4.72016,14.829
4.69196,14.8583
4.82135,15.1003
4.77977,14.7071
4.81516,14.0015
4.57858,13.8902
4.84881,14.5793
5.82769,14.0745
7.05788,13.5793
4.84536,12.3839
4.80347,12.5726
4.68692,14.532
4.83113,12.5751
5.82714,13.5415
4.86586,12.4141
4.8214,13.7849
4.75786,14.6439
4.56578,13.0835
5.92239,13.5475
4.78128,14.4998
4.8217,14.9053
4.59768,14.5303
4.49595,13.9055
5.75435,13.692
4.60631,14.4362
4.82362,14.9587
4.71998,12.6707
4.88061,12.4657
4.65446,14.0282
5.78135,13.7901
4.54349,13.7684
4.69285,14.698
4.66351,13.0269
4.55527,13.2919
4.81929,14.244
4.48481,13.6443
4.68333,14.3953
4.58417,14.0355
4.81725,13.2731
5.97957,13.6767
4.62546,13.0935
4.86531,14.7295
4.52661,13.2709
4.65914,14.797
4.59759,14.155
4.85468,14.8626
4.53472,13.4785
4.79982,12.9361
4.6072,14.3625
4.70146,13.4441
4.77033,12.55
4.68142,14.2586
4.74897,12.67
4.73919,15.0096
4.81151,15.0575
5.79595,13.7461
4.70307,12.7887
5.81756,13.4098
4.58121,13.4081
4.89715,12.3584
4.74226,14.9558
4.77528,12.8848
4.6826,13.9089
5.99479,13.8934
4.72014,14.1546
4.56869,13.35
4.76474,12.8072
4.68358,14.7997
4.62632,14.2873
4.84902,12.6613
4.77349,13.3693
4.68053,14.6556
4.69351,13.2712
4.86972,12.6927
4.8467,12.8531
4.65568,13.3498
4.71155,13.7622
4.63662,14.7155
4.61446,13.2492
5.97044,14.1014
4.72124,13.1404
4.49749,14.0347
5.9401,14.0227
4.56236,14.1691
5.88533,14.1388
4.49217,14.0893
5.9744,13.6444
4.59479,13.2012
4.63646,13.3426
4.79437,12.7032
4.64844,13.6989
4.78261,13.8716
4.72596,14.5227
4.50988,14.1033
4.66136,13.5651
4.78731,15.0881
4.56942,14.5311
4.65289,13.6624
4.7221,14.9011
4.54952,14.3831
4.51241,13.5243
4.60347,14.6021
4.8663,12.8376
4.69008,12.859
4.73274,12.9626
4.4908,13.8012
4.4925,13.4834
4.52601,13.6189
5.95435,13.6985
4.56558,14.3128
5.90676,13.8441
4.90464,12.3011
4.824,12.4503
5.89117,13.645
5.94446,13.5366
5.77598,13.9097
4.47988,13.8461
4.83391,12.9935
4.80674,12.5077
4.66179,12.9278
5.88467,14.0941
5.99784,13.77
4.80424,12.6469
4.6937,13.0128
4.83677,14.6259
4.84585,14.2905
4.84013,12.5307
4.72893,13.3386
4.70524,13.1905
5.8823,13.487
4.74928,13.4926
4.77619,15.0234
4.59696,13.0224
5.82246,13.8503
4.82151,13.6993
5.97666,13.9639
4.75327,14.7502
4.8056,14.0727
5.74987,13.6341
4.54095,13.7209
5.81243,13.9674
4.69636,13.085
4.6352,12.8935
4.54631,13.9116
4.74675,14.2629
4.60344,13.9661
4.63421,14.6684
4.61264,13.7669
4.78941,13.1875
4.51685,14.2109
5.94178,13.777
4.78123,14.9816
4.81096,14.4491
4.63496,14.2084
4.56823,13.5888
4.70001,14.116
4.84446,14.9897
4.641,13.4957
4.6943,13.6234
4.82571,13.0677
4.55303,14.2705
4.91858,12.4318
4.77244,14.8053
4.78851,14.3878
4.87136,12.3633
4.65833,12.8472
5.92457,13.9134
7.14151,13.1179
6.00019,13.173
6.04416,14.2037
7.85788,14.7519
6.08915,13.5259
7.66359,13.2487
6.02089,14.2024
6.03114,13.4129
6.52468,13.9895
6.07135,13.9778
6.03078,13.1656
6.51705,14.0406
6.04424,13.5312
6.06429,14.0485
6.10235,13.7834
6.05472,13.3826
6.00812,13.27
6.09096,13.6943
6.07984,13.7416
6.0799,13.827
6.00419,13.2365
6.0559,14.1149
6.0232,14.2704
6.00716,14.1145
6.06665,13.5338
6.0584,13.4198
6.01499,13.1825
6.0669,13.4961
6.06166,14.0305
6.0481,13.2944
6.07284,13.9464
6.02246,13.2421
6.0973,13.9068
5.999,13.3698
6.05183,14.1472
6.07751,13.6244
6.00487,13.2995
6.03031,14.229
6.03482,13.3197
9.98697,14.0286
9.84432,14.9483
9.70913,14.6943
8.62298,14.4496
8.74134,13.9734
9.02601,14.136
10.2152,14.8788
9.1429,14.2595
10.7731,13.9853
10.0149,13.3539
10.2192,14.1138
10.8815,14.9303
10.8659,14.1051
10.6179,15.1755
9.84895,15.3826
10.0701,13.3322
10.6834,13.7133
9.56314,14.1648
10.3555,13.573
11.0361,14.0782
10.7435,14.5884
9.85985,13.9687
8.5746,14.3303
9.29387,13.4605
8.96279,14.6878
10.9189,14.5241
10.2064,13.9139
9.14254,15.0142
9.0271,13.9765
10.7469,14.4815
9.62097,15.2705
9.45925,14.4232
10.3019,15.3905
9.49313,13.6221
10.8993,13.7397
10.1596,13.514
10.4403,15.0581
9.257,13.6963
9.24329,14.6419
10.8572,15.0378
9.98697,13.3476
10.7992,15.1194
8.85236,14.5827
10.397,13.6791
8.75078,14.2604
10.047,13.6177
10.3828,13.9639
10.1824,13.5284
8.87768,13.9484
8.63927,14.226
9.8564,14.975
9.31697,14.8075
10.6204,13.8858
10.7885,14.7766
9.51689,13.3485
11.0276,14.3347
10.2669,15.2453
9.77453,14.0436
10.6209,13.969
8.75087,14.0293
10.8714,14.916
10.4698,13.9435
10.3733,15.331
9.13897,14.9425
9.53702,15.1838
8.91594,14.6223
11.0153,14.132
9.75057,13.7324
8.88979,14.6522
10.5373,15.1806
10.0273,15.074
10.2594,15.0268
10.6694,14.1318
10.1459,13.4784
9.68597,13.3597
9.31312,14.7303
10.371,15.3833
10.447,14.3632
8.64967,14.5159
9.28441,13.8326
10.7267,13.8861
8.71264,14.5792
9.70844,15.11
8.79134,14.0779
10.3019,14.4809
9.52924,13.5642
9.05898,14.4252
8.95005,14.4758
9.51281,13.3821
10.2738,15.4377
10.7256,14.8522
9.15039,13.6468
10.5601,14.7388
9.23071,14.7771
9.32445,15.3497
10.4532,15.3814
8.99251,13.979
10.2416,14.6889
9.59484,13.4338
9.7548,14.3599
10.5474,15.4244
10.3159,14.4456
8.6894,14.1026
9.40332,15.0917
8.61506,14.221
10.0817,13.5773
10.031,13.3767
9.34749,14.7587
10.0891,14.9831
9.52734,13.3987
9.6832,15.0004
10.4421,15.3399
8.97686,14.8659
10.532,14.5671
10.261,14.3296
9.0463,14.5491
10.1735,13.4687
11.05,14.0703
10.1634,13.7424
10.5487,13.9665
10.7676,15.1964
9.68783,14.2655
10.6848,14.0228
10.2852,14.4147
9.79122,13.4032
9.20259,14.1201
10.9158,14.9208
8.97679,13.7972
10.335,15.0516
10.5084,13.4599
10.51,14.3232
8.59412,14.3493
10.9647,14.6189
10.8953,14.3335
8.7616,14.5013
10.8386,15.1318
9.84963,13.53
10.475,15.0537
10.3443,15.484
9.30285,13.7324
9.29957,13.8648
9.55966,13.6534
10.4494,15.4527
8.99325,14.9183
9.84314,15.3318
9.26547,13.9905
10.1054,15.3952
9.61299,13.4551
8.85965,14.084
10.2573,13.5193
9.44973,13.3586
9.95223,13.9175
10.3181,15.1058
10.4426,14.6256
8.64424,14.0862
9.96615,14.3023
9.8508,14.5286
10.734,15.3139
10.5374,14.3351
9.8219,15.339
10.5342,14.5235
10.5059,13.5549
9.32455,13.6621
10.1276,14.8672
9.71889,13.435
8.7173,14.0869
10.422,15.2242
8.8548,14.0305
9.91881,15.2153
9.6005,13.3163
10.3222,14.0171
9.52413,13.821
10.3619,15.1971
9.75958,13.6441
10.6747,13.9613
10.8777,14.286
8.72093,14.4696
10.7537,15.0467
10.9608,14.353
9.97675,13.7837
10.1555,14.4991
11.0836,14.5719
9.71176,14.3085
9.45616,14.9707
10.4619,13.705
9.02922,14.3795
10.0329,14.8516
9.98576,15.2315
8.85261,14.1978
8.84688,13.2524
10.0242,14.201
9.8684,15.404
9.09308,13.4215
8.86838,13.8637
10.3576,13.7904
10.5115,15.307
9.15083,14.6452
8.683,14.1436
8.81607,14.6254
10.5272,13.4903
8.60904,14.495
10.2005,14.943
8.78598,13.7747
9.70017,13.4156
9.86651,13.5844
9.39752,14.3155
9.48418,13.5929
8.943,14.6524
9.95364,13.9035
10.9071,15.0588
10.4862,15.1713
9.44179,14.8011
9.27363,13.6266
10.8885,14.0627
9.82337,13.981
8.71089,14.1961
9.05652,14.5056
10.0241,13.4667
11.0001,14.0154
10.6101,14.9334
9.3297,15.0517
10.241,14.3962
8.96544,14.5262
8.75274,14.7231
9.63871,14.8407
10.5515,14.9992
10.6095,13.6564
9.94882,15.2798
10.2832,14.6325
9.26692,14.3895
10.6338,14.6014
9.08163,13.6955
9.79193,13.9005
9.37893,13.8813
10.1348,15.3766
9.4165,15.0809
9.74501,15.2843
8.75173,14.0099
8.64886,14.1335
9.48649,14.1054
10.0501,13.2649
10.4464,14.2033
10.1812,15.4467
8.69884,14.5568
8.75226,14.6745
8.62868,14.4631
9.89919,13.3466
10.8379,14.6217
9.77082,14.9666
9.71357,13.2912
9.67691,14.8267
10.6612,15.3412
10.349,13.7211
9.51843,14.2612
10.4496,15.4282
10.6298,15.3831
9.56065,13.3472
10.0743,14.8783
10.1593,13.431
10.5322,13.5504
9.26026,14.3266
9.31292,13.4252
9.58278,13.5822
9.76527,14.3026
9.65353,14.4404
9.23232,14.9234
9.9676,15.4365
9.6641,15.2595
9.85018,13.6068
10.2418,13.5356
10.3967,13.7979
10.1435,15.1437
10.6998,15.2076
8.7756,14.2257
9.94348,15.0075
10.1491,15.4222
10.3276,15.0406
10.7934,14.3701
10.4635,14.4916
9.81873,15.0476
10.6878,15.3543
10.6997,15.1034
8.82888,13.7078
10.9927,13.8716
9.29836,14.0862
10.1499,15.2783
10.9665,14.7357
10.6321,14.8025
9.80282,14.579
9.73699,14.4057
10.5076,15.3353
9.13046,13.3816
8.98855,14.7513
9.90921,13.6417
9.2658,14.6882
9.90082,15.0271
9.82431,13.7165
8.7781,13.7798
9.33547,13.4095
9.26781,14.7518
11.0698,14.4915
11.028,14.3146
10.2467,14.2418
9.78542,14.7828
10.7558,15.2483
10.6446,15.0724
8.87329,14.0792
8.62238,14.3661
10.0659,13.8817
10.4367,14.8348
9.47854,13.3256
9.06388,14.7805
10.7488,15.2975
9.42012,14.0906
11.0312,14.0216
9.66219,14.9036
10.8201,14.8713
8.94974,13.8406
10.3174,14.7631
9.173,14.1033
9.31938,15.0002
10.9008,13.9512
8.73147,14.467
9.09652,14.4379
10.019,15.4179
9.56389,14.5559
10.2035,14.8541
10.8205,14.3086
9.77313,13.2946
8.88733,14.1664
10.9407,14.0845
9.64931,14.4847
8.81208,13.9556
10.1263,14.5921
10.2096,15.1233
10.469,14.3748
10.5973,15.0345
9.84319,15.3077
10.2996,15.3852
9.92071,14.1946
8.94211,14.3527
10.8632,13.7885
9.84812,14.2186
8.69002,14.052
9.42529,13.5363
10.7853,14.956
9.71389,14.0306
9.46447,14.5553
9.40429,13.3775
10.1324,13.4283
10.5013,14.7881
8.96956,14.0955
10.0337,15.4398
10.2743,15.3593
10.0187,14.6756
8.65614,14.3575
10.5335,15.4251
10.8921,15.0668
8.6293,14.1778
10.2029,15.2025
9.85727,15.1617
10.3212,13.6886
9.07226,13.874
10.0506,14.3293
8.75752,14.4415
9.68502,13.5373
10.806,15.2539
10.5993,13.6143
9.82123,13.3659
9.69771,13.7354
9.01205,14.9219
10.0998,15.211
10.6381,13.7483
9.87464,15.1065
8.62458,14.1254
9.18333,14.6351
9.89912,14.3231
10.4989,13.8609
9.07903,13.4778
9.37106,13.9329
9.36593,13.3762
9.97932,13.8034
9.36336,13.7221
9.03576,14.0689
10.0922,15.324
9.38163,13.5384
10.5036,14.0529
9.53567,15.014
9.97985,13.5331
8.9664,14.593
10.3843,13.4783
9.11268,14.7268
10.1509,14.7118
10.9024,14.5461
10.3179,14.1046
10.319,14.9169
10.0181,13.5209
9.66227,13.8899
9.64652,13.467
10.6901,15.2536
10.8209,14.7455
10.7335,15.2824
10.2316,13.9575
8.73607,14.3805
10.9767,13.8629
10.4371,13.5774
10.3271,14.3651
10.602,14.2641
8.86272,14.3554
10.0051,14.4082
8.93931,14.7688
8.84236,13.6647
8.64235,14.1012
10.5942,13.7595
9.01382,13.7628
10.7281,14.6032
10.9484,14.6581
10.9349,13.7456
8.83563,14.17
9.08816,13.8489
9.68537,13.3047
8.78655,13.8243
9.83511,13.4031
8.92209,14.7151
10.9125,13.7046
9.17138,14.3883
9.74747,13.9093
9.42078,14.7088
10.6296,13.655
9.39882,13.4525
10.6179,13.6384
11.0282,14.6748
8.7898,13.6961
10.2363,14.7498
9.49201,15.0147
9.485,14.6982
9.99437,13.3691
8.91684,14.3457
10.8902,14.3042
9.32765,14.5332
8.93697,14.6272
10.4187,14.9232
10.737,14.1091
9.82358,15.2
9.59381,15.1858
9.81758,15.1394
10.6025,15.3699
10.4498,13.6897
9.51261,14.7169
9.62838,14.0143
8.60101,14.2601
9.2887,14.1361
9.09122,14.126
9.9605,13.3929
10.2739,13.5904
10.032,15.3439
10.6032,14.4691
10.8021,15.2087
9.16544,13.5479
8.81741,14.0465
9.29352,13.7952
10.5059,13.571
10.8708,13.6709
9.35305,14.7051
9.12937,13.4483
10.8074,14.5143
10.7267,13.7844
10.3691,13.9668
10.9162,14.9816
10.0558,15.4075
9.17752,14.0166
9.79812,14.2902
9.25106,13.5051
10.9416,14.7973
9.28719,15.0048
10.3187,14.9152
8.65963,14.3553
9.88328,13.5466
10.9511,13.7759
9.15604,14.459
10.6888,14.589
10.1386,14.5849
9.29174,13.7838
9.88889,14.9295
9.40407,15.141
8.96899,13.8984
10.6321,14.1806
9.19257,13.5218
9.09301,14.9185
10.6239,15.1805
8.59549,14.1902
9.22059,15.0795
10.4991,14.9776
10.3163,13.9546
9.97345,14.8065
10.0097,14.7738
10.6847,14.3073
10.3737,13.9185
10.8762,15.1264
9.02703,14.9593
10.4841,13.6468
9.6666,13.3008
9.1264,14.8718
9.91405,14.5844
10.5753,13.7777
8.67712,14.2206
9.77948,15.297
10.5907,13.8456
10.6231,14.668
9.40871,15.352
9.28047,13.5772
10.7685,14.7905
10.9542,13.9842
10.2386,14.476
8.83158,13.6426
10.5322,13.8027
9.55238,14.7427
9.46545,14.5048
9.56617,15.252
10.2065,14.9219
9.36559,14.4073
10.8356,15.1582
10.7358,14.9784
9.47093,15.3872
9.40653,13.8697
8.91458,13.5862
10.842,14.2307
10.4116,14.3832
9.94878,15.394
10.9629,13.9429
10.3217,14.5917
10.3307,13.4859
9.09686,13.8024
10.4203,14.1934
8.60379,14.3915
9.86997,14.6946
10.4858,14.6248
8.91225,13.8974
9.62579,13.6053
10.2613,13.7583
9.18805,13.9428
9.46504,14.0451
9.24888,13.6158
8.8543,14.3508
11.0638,14.6125
8.86816,14.0408
10.7417,15.236
9.33392,13.4965
9.42082,13.6018
8.74521,14.1704
10.9558,13.8392
10.0317,15.132
9.41424,14.0214
9.62101,15.1368
9.29736,15.3219
10.6903,14.7346
10.4142,14.8664
9.70547,13.6475
10.4625,14.1327
9.13542,13.6119
9.45465,14.4642
9.08409,14.8484
11.0465,14.7531
10.015,14.1313
9.68363,14.191
10.6002,14.1887
9.46248,14.2966
8.78159,14.6956
9.43329,13.5021
11.3799,14.2861
9.07924,13.6248
9.57753,14.8585
9.04518,14.8376
9.51661,13.883
10.1577,14.0478
9.99613,14.4915
9.62369,14.3075
9.87354,13.4802
8.58312,14.4153
10.4374,13.9626
9.34304,15.1567
10.6972,15.1706
8.95009,14.4305
9.93829,13.6799
9.89199,15.3131
9.03354,14.8347
9.601,14.917
10.8596,14.5363
10.1284,15.4576
11.0079,14.7124
8.81478,14.7645
10.2411,13.5475
9.76558,15.1891
10.6637,15.088
10.8538,14.373
10.2868,14.6906
9.59619,13.9335
8.82962,14.0522
9.00383,13.4912
9.59428,13.8479
10.4526,14.5417
9.26416,13.9019
10.0888,13.4321
10.4067,15.4246
9.38533,13.5763
8.91098,14.7628
10.3966,13.876
9.34309,13.6137
9.03486,14.0446
9.36493,15.3333
10.8611,14.4377
9.14658,14.0295
10.1641,14.2464
10.8076,14.6405
10.914,15.0311
9.03203,13.5224
11.0022,13.9404
10.974,14.7559
10.3038,13.4368
10.0879,13.5358
9.54046,14.531
9.22227,13.9025
8.92279,13.6197
10.5677,14.9296
10.214,14.1898
10.8219,15.2111
10.7288,14.4469
10.9861,14.4524
10.6704,14.9569
9.46937,14.5617
9.47865,14.1804
8.84117,14.5734
9.57371,14.3841
10.3044,13.8281
9.15313,14.677
8.91459,14.2351
9.03552,14.7575
9.93692,15.2479
10.1759,15.3846
10.4829,15.2057
10.7388,13.8476
9.01567,13.5405
9.23666,14.1843
9.19117,14.4856
10.9486,14.3637
9.3911,15.0309
9.40744,13.9759
9.74707,13.3388
10.1367,13.9303
10.8994,13.8448
8.59726,14.3234
9.27158,14.946
9.13063,14.2488
10.8868,13.916
10.6501,14.7609
9.82974,14.6935
10.7926,15.0032
9.08882,13.5404
10.1561,14.9982
8.74874,13.7777
8.90725,14.8268
9.97263,14.3121
8.58501,14.2185
9.76134,14.5609
9.54614,13.3106
10.5511,15.1644
8.7277,14.6676
9.88406,14.118
8.71203,14.5938
10.6201,13.8095
10.5962,15.2445
8.79226,13.6874
9.51279,13.7269
10.2546,14.013
10.0608,14.9488
10.2437,15.2107
10.1295,13.7894
10.2688,14.1965
10.9631,13.7976
8.86762,14.4542
10.1977,13.7833
11.3956,14.2697
9.98921,13.489
8.81527,13.8876
9.4865,14.1734
8.62813,14.5337
9.3798,13.7238
9.75252,13.8394
10.0741,14.2891
9.74386,13.7614
10.6742,15.3113
9.13911,13.8021
8.87738,13.5954
9.92968,14.7868
10.9215,14.5807
9.59457,14.3655
9.84899,13.3874
8.74163,13.8329
8.77729,14.4045
10.7252,14.1985
10.3067,14.1357
9.90279,15.1337
9.7173,14.3644
10.853,15.0926
10.3816,14.8011
9.60115,13.798
10.491,15.2373
9.48388,14.9052
9.95138,14.2732
9.23035,14.5976
10.3461,13.4698
10.8083,14.0888
9.77363,15.2161
9.65583,14.1623
9.72684,15.0499
10.2724,13.7137
9.87865,14.8008
10.1124,14.7362
10.4153,14.6561
10.1511,13.8117
10.4735,13.4745
10.8272,14.6927
11.0898,14.5142
9.81646,14.5021
10.0133,13.9565
10.6773,14.4894
9.79432,14.8883
10.0948,15.2424
8.84579,14.2632
10.5551,13.5926
11.0353,14.4052
8.72599,13.9475
10.0557,13.7629
10.6972,14.8724
10.039,13.7747
10.8809,14.1922
9.59164,15.093
9.89311,13.5653
9.48118,13.7823
9.5442,13.4923
9.84358,14.4911
10.0823,15.1604
10.7482,14.1046
10.2443,15.2811
9.69388,13.3721
8.80363,14.5746
9.41232,15.3831
10.4296,15.1174
9.64243,13.9319
10.5502,13.5357
8.84041,14.6076
10.5479,14.1514
9.70853,15.2473
10.3952,14.9504
10.1761,13.6362
8.69669,13.9988
9.08827,14.3898
10.3974,14.4801
10.7085,13.8574
9.25671,14.0828
9.45162,15.3638
10.2382,15.4689
9.1259,14.1109
9.54431,14.0721
10.775,14.2157
9.79599,13.837
9.39619,14.9098
10.6166,14.5364
9.81473,13.317
9.8453,15.0008
10.1455,15.3747
8.84033,14.5024
9.31237,14.9293
9.94836,15.1892
10.5531,15.3658
10.3284,13.6516
8.70792,14.3636
10.5921,13.5258
10.4351,15.2752
9.98212,15.0274
9.42172,13.414
10.0798,13.3908
8.84937,14.6612
10.6087,13.5824
9.55785,13.6619
9.51345,13.5419
9.59477,13.4044
10.3338,14.8203
9.28324,15.7913
9.92158,14.0627
9.06241,14.6761
10.0598,13.3458
10.8173,14.1139
9.53717,14.3885
10.2288,13.4015
9.25578,14.4575
10.9575,13.8545
8.76242,13.9157
10.6798,14.0101
9.73684,13.4938
10.3792,15.4259
11.0942,14.406
8.74213,14.1812
9.51522,13.7075
8.82623,14.316
8.85637,14.7841
10.9877,14.5061
9.1553,14.3017
10.5961,14.9734
9.03273,13.4653
10.4209,13.6176
9.92247,14.8581
9.27848,13.4309
9.33293,14.1586
10.5256,15.167
10.7352,13.9102
10.0212,15.3129
8.62944,14.2721
9.71107,14.8129
9.19928,13.9272
9.81612,14.5715
9.58123,14.9343
11.3803,14.2356
8.97593,13.5076
9.98656,13.8809
9.25202,14.5433
9.24098,14.8808
10.3516,15.324
10.3246,14.1919
9.2022,14.6759
9.38455,15.3755
9.03964,14.248
10.3807,13.7072
9.7903,13.9992
10.1111,14.4686
9.03499,13.7896
9.83593,13.4076
9.22126,14.0485
10.3356,15.3045
10.0617,14.097
9.78893,14.3972
9.54667,15.1485
9.43029,13.4905
8.93508,14.8448
10.9475,13.8053
9.27178,14.4053
9.56785,13.7988
10.1813,14.715
10.7366,13.9939
11.0219,14.0924
9.8301,14.4788
10.23,15.3604
9.21626,13.5597
8.71627,14.3368
10.1571,15.0684
9.67522,13.3513
9.4611,14.6751
10.2683,14.1061
9.48992,14.7903
8.91906,13.7684
9.49999,15.1956
10.2739,14.9551
9.36345,15.3512
8.69333,14.657
10.14,13.3663
9.64141,15.0167
9.67803,13.2922
9.83946,13.2959
9.34826,14.9231
9.57448,14.975
10.6105,14.0321
9.97631,13.2957
10.1358,14.5432
11.0713,14.5677
9.7226,14.5805
9.33518,15.1006
10.1438,14.0049
9.54021,13.4134
10.0685,15.349
10.703,13.7907
10.7913,14.0364
11.0054,13.8927
11.0375,14.099
8.96501,14.0689
11.0794,14.7342
9.18624,13.7549
10.9392,14.4636
9.88652,13.8881
9.11271,14.9565
8.96608,13.9797
10.1349,13.6684
9.37385,15.0055
10.7489,14.3426
9.16877,14.7382
10.6349,13.7744
9.93791,14.1512
8.83023,14.8021
10.1469,14.312
10.4168,14.1363
9.40823,14.3663
9.26425,15.006
10.6462,15.3287
10.3388,14.701
10.1451,14.4292
10.0717,14.5771
10.6549,14.1746
8.77436,14.6449
8.85858,13.6119
9.74078,14.6889
9.0472,14.2609
8.96519,13.6223
10.1855,14.7427
11.0544,14.1734
9.37337,14.9482
9.33775,14.216
10.2199,15.3093
10.4078,13.5108
10.1844,14.205
10.5462,15.3929
8.71977,14.6164
9.35263,14.4806
11.1149,14.6629
10.5711,14.9777
10.4517,14.9387
9.76642,13.5664
8.9132,14.195
8.66557,14.3287
9.3639,14.6033
10.5622,13.8687
8.9415,13.6022
10.3023,15.07
9.93551,14.5285
9.91279,13.3745
10.6514,14.2312
10.854,14.8047
10.4074,14.8737
9.17403,15.0444
9.61046,14.7431
8.59494,14.4453
10.707,14.6364
11.091,14.6885
9.65438,14.2265
10.4739,15.4119
9.58062,14.584
8.6329,14.4974
10.5661,14.6504
9.64087,14.3014
9.97848,13.8571
10.2127,13.59
9.58432,14.2743
11.0093,14.54
8.95577,13.5674
9.38643,13.4537
9.65047,15.1955
10.7196,14.3118
9.23738,14.4589
11.0503,14.446
10.8627,14.6732
8.59933,14.2924
10.7917,14.828
9.09327,14.9979
10.2311,14.3597
10.1491,15.3457
10.6006,14.3577
8.80649,14.4314
10.4949,14.7217
9.97103,14.8609
11.0281,14.8036
10.0563,14.1437
9.09901,13.754
9.08269,13.4178
9.64499,14.1584
10.0625,15.072
8.69994,14.0349
9.52537,13.4241
9.86913,13.754
10.3507,14.5745
9.26833,13.5869
10.8019,15.0831
10.5572,13.7484
9.29187,14.3867
9.60408,13.8597
9.93465,13.2987
9.57887,15.0208
9.61823,15.163
10.3955,13.9361
10.1638,13.3746
11.0659,14.8329
8.92546,14.117
9.19385,13.7299
9.97851,15.2099
9.47754,13.3493
9.89328,14.664
9.03404,14.8912
10.4089,13.545
9.41446,14.7901
8.78737,13.9341
10.241,13.9253
9.86843,14.0831
10.3293,14.495
9.26103,15.0889
9.95733,13.4358
9.51416,15.0716
9.65043,13.7925
9.09398,13.9754
10.7556,15.067
9.57625,14.6661
9.10964,13.8486
9.6235,15.1814
8.8352,14.7744
9.0538,13.7217
9.32752,13.4339
10.7148,14.3654
11.0136,14.5625
10.3877,15.0986
11.0101,14.7663
12.3753,14.0591
11.9974,13.1006
13.0924,13.1846
12.8178,12.6134
12.044,13.6821
13.6269,14.625
13.4029,14.8744
13.2479,13.3566
12.0261,13.7752
13.3664,13.4907
13.0271,15.0409
12.9779,13.6308
13.1573,15.4076
13.1857,15.0077
12.394,14.481
12.744,13.2657
12.8696,13.1645
13.5473,15.0688
12.4469,12.6164
12.7136,12.9166
12.0187,14.0958
13.2721,12.9462
13.0942,15.1031
13.3897,13.245
12.5309,12.8654
13.1542,15.3751
13.7261,14.7116
12.7841,14.4076
11.965,13.4869
12.5344,14.1374
13.2982,15.2276
13.1716,14.4948
13.0722,13.225
12.1544,14.5747
13.5468,14.2761
12.0784,13.505
11.9715,13.6039
12.9132,15.3341
12.7155,12.6606
13.0829,14.2706
12.844,15.1287
13.3965,14.9866
12.2678,13.6317
12.2152,14.1705
13.506,13.2986
13.049,13.0238
12.9671,12.9102
12.2317,13.7356
13.4907,13.2398
12.6598,12.531
13.226,14.5695
13.2981,13.727
12.9067,13.7402
13.3425,13.0409
13.4444,14.7745
11.8125,13.0099
13.354,13.9828
12.4757,12.5589
12.6432,13.2774
13.6187,14.6526
12.8018,14.0169
12.9307,14.1465
12.9406,12.7537
13.2197,12.9056
12.9027,14.9892
13.1637,15.4515
12.5806,12.6704
13.2293,14.3491
13.0944,13.4597
12.8198,13.3861
13.0446,15.1449
13.2075,14.4154
13.1752,14.6652
13.0179,14.1365
13.2233,13.9849
12.7486,15.1155
12.9185,13.2417
13.555,13.6912
12.8412,12.9008
12.8828,14.0026
12.7886,12.5778
13.3445,14.5899
12.0864,13.3504
12.8289,13.9223
13.0522,15.4068
13.5503,13.8259
13.0042,14.1854
13.531,14.1192
13.4975,13.591
12.8205,14.1018
12.1382,13.38
12.2727,14.1043
12.8344,14.2331
13.755,14.3522
12.9271,13.3489
12.4078,14.4115
13.4923,13.2199
12.825,14.8007
12.2507,14.4374
13.2724,13.193
13.6292,13.6153
13.2273,15.3366
13.1246,15.2406
12.4596,12.5723
12.8116,12.8098
12.5132,12.6766
12.8391,14.4065
13.3646,15.2874
13.2012,14.055
13.2764,15.3142
12.6396,13.1898
13.1055,12.7422
12.8551,14.5502
13.1689,12.8338
12.3708,14.6641
13.001,14.4943
11.9766,13.6683
12.6281,12.9659
13.6957,14.6992
12.1966,13.455
12.101,14.4614
13.6834,14.1281
13.0774,15.3233
12.8543,12.5886
13.2446,15.1675
13.0479,14.5878
12.3374,14.4314
12.0148,14.2389
13.3981,13.9136
12.9642,15.3088
12.1643,14.7142
13.7376,14.1054
13.3278,15.329
13.496,14.7921
13.6604,13.8352
12.4075,13.801
12.5781,12.8566
13.0662,12.9813
12.7661,12.9898
12.5074,12.75
11.9701,13.5175
12.1892,13.639
12.2255,14.1716
13.6343,13.7847
13.5345,13.8909
12.7707,14.8786
13.5391,13.7239
13.6596,14.3686
13.1971,15.0727
13.5182,13.4782
12.2321,13.6051
13.7285,13.9772
13.0597,14.349
12.0983,13.1349
12.7634,12.6288
13.4324,15.1625
12.1621,14.5406
13.6529,14.5642
12.7058,12.5384
12.1279,14.7193
12.1957,13.9927
13.6679,14.7313
13.022,14.6831
13.0433,13.6582
12.4287,12.7275
13.1526,14.9819
13.3696,14.3631
13.1146,15.5047
13.1804,15.317
12.2531,14.0525
12.9079,12.6344
13.5806,14.9244
13.6961,14.4757
13.1061,13.0918
13.4797,14.9844
12.2024,13.8581
13.0916,14.4909
13.4844,13.5751
13.7013,14.7779
13.4069,13.0905
13.2453,13.6625
13.0219,14.5627
12.9279,15.2478
13.731,14.5213
13.0111,12.8434
13.1356,12.9328
13.4107,13.7633
12.9698,13.1441
13.2247,15.4091
12.1012,13.2921
12.0931,14.6406
13.538,14.4144
13.6905,14.8359
12.751,12.5426
12.9239,15.4561
13.232,13.2066
13.4794,13.9459
13.5472,15.0009
12.9647,13.2406
12.326,14.2793
13.6479,14.0123
12.9935,15.2705
13.4192,13.1452
13.3281,13.8531
12.7837,14.29
12.3028,14.1707
13.4024,14.1373
13.3008,12.9206
13.4445,14.2597
13.6079,14.5766
13.1982,14.0079
13.1465,14.3877
13.7509,14.614
12.073,13.8206
13.0081,13.445
12.0484,13.9999
12.2636,14.318
13.3932,13.4915
13.0571,15.1763
13.1112,14.2701
12.0562,13.3621
12.3724,14.162
12.1326,13.7314
12.0053,14.1572
13.5119,13.7122
12.307,14.907
12.0758,14.5512
13.651,14.2624
13.3984,14.9107
12.8757,15.1233
13.0385,14.297
12.2102,14.0585
12.0233,13.533
13.1579,13.7826
12.6444,12.9258
13.5832,13.5763
12.177,14.7961
11.9546,13.6759
13.6735,14.4188
11.9784,13.3727
12.4626,12.7523
11.9998,14.3417
13.0783,14.8551
12.0601,13.1869
12.7988,13.0282
12.8378,15.0334
12.6592,12.5016
13.3237,13.4231
13.4946,13.9584
12.7857,13.6321
12.9364,12.7014
12.2828,14.8325
13.4744,15.0922
13.3292,15.0425
13.3169,15.2671
12.9698,15.3992
13.0657,15.4789
11.9873,13.7254
12.9366,12.7722
12.9714,14.3673
13.1669,14.3295
13.1774,13.5651
12.3242,14.6416
12.418,12.6597
12.2714,13.7418
12.4796,12.6386
12.5961,12.5471
13.3807,15.2008
11.9831,14.0149
13.0153,15.0012
13.0888,12.7541
12.017,14.3204
13.0241,14.4253
12.018,13.0758
13.5383,13.435
12.0137,14.4868
13.5725,14.7005
12.3838,14.7266
13.5359,13.9905
12.2903,14.8098
12.9299,13.07
12.6423,12.6077
12.2534,14.0783
12.5107,12.5234
11.9317,13.6228
13.587,13.4071
11.9588,13.2931
12.318,14.0934
13.6668,14.4535
13.7589,14.3088
13.2546,13.5381
12.1221,14.4245
12.8421,12.6647
12.8605,15.2567
13.4926,14.5034
13.2589,13.25
13.1181,13.2891
12.8481,14.7491
13.1945,15.104
13.0988,13.7515
13.5454,14.9661
13.6711,13.7858
12.9096,15.0663
12.0863,13.4497
13.6674,14.8018
13.6261,13.5664
13.2886,14.3589
13.1731,15.4659
13.3298,14.2683
12.6588,12.9841
12.8231,13.2126
12.1462,14.771
12.0677,14.6881
12.7702,13.9544
12.9765,13.6736
13.0259,12.7066
12.9735,12.8285
13.1227,14.1658
12.9498,15.446
12.6113,12.8658
12.97,14.0959
13.0353,14.2061
13.6556,13.7366
12.9065,13.6566
12.9406,13.0115
13.4073,13.7774
12.6425,12.5425
11.9782,13.3327
13.5657,14.472
12.1439,13.6811
12.9729,14.162
12.9024,13.5611
13.4174,14.5352
12.9374,12.6281
12.0131,13.5305
12.0617,14.0354
13.1316,14.706
12.8001,15.267
12.0298,14.1648
13.442,13.1295
12.8857,12.7661
13.0512,14.6904
12.1408,14.1019
13.2875,13.086
13.508,14.975
13.741,14.6499
13.3214,15.2361
12.7705,14.9821
12.596,12.7541
13.622,13.8784
12.9939,12.9583
12.7664,12.7463
12.1805,14.6372
13.0003,15.374
12.6373,14.3993
12.196,14.7919
12.2427,14.5451
13.079,15.5105
13.4345,14.5549
13.6206,14.6965
12.5983,13.0371
12.3067,14.549
12.731,12.9491
13.4455,14.0796
13.343,13.9002
13.1075,14.9618
13.0908,14.7172
12.1439,14.6276
12.878,14.5165
13.0353,12.7903
12.1378,13.7951
12.1699,14.2861
12.9032,14.3249
12.2498,14.8612
12.8784,12.693
13.2185,15.1795
13.1597,15.2594
12.3716,14.2265
13.2228,14.7192
12.8675,15.355
12.1259,14.3148
12.2296,14.9032
12.1144,13.6425
12.267,14.9554
13.1505,13.3815
13.2368,13.1317
12.0197,13.1147
13.1607,13.913
13.5702,14.0661
12.545,12.5749
12.2061,14.1187
13.5945,13.5973
12.578,13.1638
12.8324,15.33
13.1707,15.0643
13.3304,15.0038
13.6573,13.9618
13.4758,14.6953
12.9377,12.8911
13.5941,13.6522
12.7005,12.8447
13.0581,13.7016
13.3312,13.0202
12.0177,13.3694
13.5066,14.1344
13.3745,13.0511
13.1014,14.0616
11.995,14.0494
12.6742,12.6686
13.3728,13.1211
13.0728,12.9362
13.4777,14.2039
13.0757,14.0558
12.1951,13.4069
13.3737,14.7007
12.3167,14.3749
12.2988,13.7535
13.2252,13.8397
12.0518,13.2973
13.2505,14.5637
12.2519,13.9131
12.2742,13.811
13.3025,14.9337
13.2708,13.3883
12.1575,14.4772
12.8461,14.9854
12.1212,13.5774
13.6742,14.1596
13.317,14.4179
13.3536,13.3609
13.1331,13.1801
11.9774,13.3979
12.069,13.6671
12.825,14.8515
13.4512,13.4022
12.5993,14.2678
13.7036,14.6374
12.9448,14.6685
13.2163,13.3971
12.3046,14.3681
13.5926,14.9592
13.736,14.1634
13.5297,14.8173
12.018,13.1788
13.6055,14.8796
13.0262,12.9429
13.1131,15.3936
13.2776,15.0416
13.0662,12.7071
12.793,13.1201
12.9254,14.8914
13.7942,14.2686
12.8982,14.1913
13.1806,13.533
12.7035,13.2059
12.8856,14.6701
11.9778,13.4328
13.5072,14.3578
13.5104,15.0457
13.4702,13.1893
12.296,14.6825
13.5222,13.3402
13.784,14.4738
13.2442,15.3654
13.7232,14.2508
12.1336,13.3489
12.8719,14.7987
12.8155,13.5103
13.1194,15.4632
13.7772,14.539
12.8124,12.5515
13.4311,13.3742
12.3248,14.0451
12.112,13.5614
13.6713,13.8719
13.2179,13.7409
12.9589,12.6705
12.0816,13.165
13.02,13.3993
13.3686,13.6693
13.4789,13.734
13.5307,14.6385
12.3326,14.445
13.1426,14.0496
12.7322,13.4074
13.1608,12.7934
12.1551,14.2373
12.028,13.2763
12.7628,15.0549
12.9291,14.4685
12.6562,12.6713
13.5459,13.3654
13.7464,14.5693
12.9073,14.954
13.1972,13.5966
13.4068,15.1505
13.7501,14.533
13.618,14.185
13.3884,14.4718
13.0271,12.6867
12.8148,13.1765
11.9905,13.1475
13.1219,14.7909
12.4919,12.9097
12.7495,13.2969
12.1435,14.223
13.4015,15.0543
12.1878,13.7438
12.239,14.7342
12.5619,12.94
13.009,15.4227
13.7589,14.0341
12.9196,12.6611
12.8172,13.2487
12.4693,12.8442
12.9933,15.333
13.5864,14.2627
13.1611,14.8612
13.6129,14.9653
12.9198,15.3908
13.1232,13.0484
13.0547,14.9869
12.6919,13.4939
13.2956,14.7021
12.1517,14.8263
13.2586,15.396
12.8621,13.4876
13.1339,12.9745
13.0254,13.2024
12.7453,12.6502
12.861,12.6255
13.0156,13.4864
13.1713,12.9278
12.26,14.9151
13.3179,14.8264
12.865,14.5078
13.3388,13.2637
12.992,15.1557
13.2341,12.9975
12.0941,14.1015
12.5461,12.6432
13.0396,15.2359
12.9859,13.2146
13.3528,13.0705
13.0929,12.8243
13.0309,15.5136
12.3071,14.7384
12.7807,14.2145
13.0171,14.7908
12.0707,14.1377
13.619,13.8526
12.0352,14.5309
13.4991,14.5973
12.0827,13.3704
12.4419,12.6362
13.4913,15.0244
12.5506,14.5099
13.3601,15.1113
13.0247,15.5027
12.1157,14.5791
12.2831,14.6617
12.6689,13.3725
12.8032,12.7207
12.1951,14.6672
13.2086,15.2466
13.4596,15.1436
13.3479,14.7003
13.0654,13.4626
12.8578,12.9677
13.2278,15.4337
13.2761,13.907
12.9798,12.6689
13.2336,15.0392
13.6293,14.8473
12.7156,12.8037
12.7075,12.7121
12.6356,12.7497
13.277,13.79
13.3426,14.6675
12.2347,14.7226
13.607,14.107
13.4106,15.0963
12.9251,14.1242
13.5693,14.855
12.037,13.1286
12.7025,12.9686
12.1987,14.3001
13.2577,14.9557
13.6014,14.782
12.2199,13.3766
12.1235,14.0786
12.9687,14.9018
13.5034,14.9883
13.3128,12.9848
13.3509,14.8253
13.4021,14.2918
12.1949,14.8628
12.1625,13.5371
12.203,14.4111
12.2272,14.2516
12.2908,13.8683
13.1332,14.4648
12.5506,12.617
12.8715,15.0867
12.0463,13.4871
13.0272,12.7293
12.7845,13.4051
12.2419,14.8812
13.6595,14.8486
13.3735,13.7938
12.9959,13.0535
13.2314,12.8647
13.4058,13.3196
12.9404,13.3267
13.3586,14.1954
12.4804,12.5912
12.5416,12.7489
12.1783,14.4561
12.0988,13.1857
12.4801,12.9211
13.6009,13.756
12.2591,14.8069
13.4756,13.7426
13.5034,13.3647
13.5823,13.7854
12.807,13.7258
12.9463,14.5775
13.184,14.931
13.5349,13.4145
12.9922,15.4755
12.5988,14.4489
12.5492,14.4109
12.0124,13.2049
12.5166,12.6992
13.2389,13.9182
12.1027,14.3107
13.4548,13.2585
13.4505,15.0413
13.12,13.9017
13.056,14.7713
13.5658,14.5849
13.787,14.3591
13.785,14.2414
11.9975,13.8037
13.1729,14.9429
13.098,13.2568
13.2302,14.5011
13.4817,14.3725
13.1701,14.2173
13.0301,14.9064
12.5204,12.5999
13.5826,13.823
13.7608,14.2645
13.2402,12.9119
12.9215,13.1157
12.2133,13.636
12.717,12.5586
12.5433,12.5164
13.2952,12.9829
12.7711,15.1294
12.5505,13.0198
13.5746,13.9635
13.4529,15.1239
13.3865,14.0252
13.3271,15.1428
13.4911,13.2975
13.3172,13.9713
13.6865,13.8823
12.5998,12.5178
13.4839,13.8447
12.2593,14.5298
12.9549,14.7066
13.3318,13.2317
12.8068,12.854
13.6767,14.3334
13.4495,14.6542
11.9428,13.44
12.0773,14.2831
13.3117,14.5106
13.3565,15.1774
12.343,13.9485
13.6621,14.0692
12.2333,13.5908
13.0639,15.4305
12.5745,12.5112
12.0897,13.6501
12.0745,14.3711
12.8419,15.255
13.1403,14.6164
13.7417,14.4032
13.0745,14.4487
12.497,13.0265
13.6554,14.467
12.2726,14.9261
13.437,13.6465
13.7764,14.4161
12.1579,13.4911
12.0146,13.2459
12.9254,13.5359
13.2303,14.2226
13.3481,13.4374
13.5028,13.5477
13.3594,14.8055
13.7656,14.1
12.136,13.4871
12.2795,14.4979
13.1931,12.9727
13.3313,14.0647
13.2506,13.3064
13.1149,15.3391
12.7122,13.0969
13.6563,13.9282
13.2446,14.135
13.5232,14.1374
13.4162,13.2006
13.463,13.4539
13.241,12.8438
12.0433,14.4297
13.346,14.8654
13.7051,13.9672
12.738,12.6001
12.8804,12.9557
13.2917,15.3653
12.8415,15.2781
12.9551,14.867
12.9382,14.3901
13.7998,14.1934
12.7551,13.1689
12.8843,14.0241
12.5902,12.8008
12.2731,13.675
12.0625,14.3632
13.387,13.5023
12.7483,13.3423
13.7176,14.1774
12.7915,13.9623
13.4883,13.5793
11.9987,14.2354
12.4944,12.8134
13.1308,12.8108
12.9941,13.8609
12.037,13.9858
13.7336,13.9383
13.7752,14.141
13.3321,13.1274
13.1953,13.1528
13.5675,13.5174
12.9488,13.4107
12.9158,14.8418
8.66841,16.2565
7.88471,16.145
9.80019,16.6864
9.47309,16.8171
8.22044,16.234
9.60222,16.7898
7.90414,15.8371
8.366,16.2682
8.9554,16.5447
9.11932,17.0985
7.78514,15.504
8.02003,15.7376
8.28944,16.2008
8.6541,15.8763
8.91055,15.9563
9.05402,16.898
10.1892,16.3841
10.117,16.4287
9.33981,17.0462
9.50529,16.9002
8.64934,17.1035
7.82835,16.0767
8.65805,16.5722
8.66281,15.7941
10.1646,16.9547
8.10387,15.5431
9.56318,16.2547
8.06452,15.6524
9.38496,16.38
8.18906,16.6975
7.76518,16.028
8.3413,16.9098
9.97445,16.2404
9.21712,16.9562
7.97277,15.6033
9.63541,16.6595
8.00589,15.4113
9.10987,16.3163
9.87757,17.2336
10.0049,16.9968
9.28867,16.1922
8.00996,15.6243
8.60886,16.8925
10.2545,16.6263
8.3216,15.7673
9.61714,17.225
8.63045,15.4824
8.93865,16.9415
8.15066,16.6496
10.0359,17.0478
9.04104,16.0585
8.07075,16.5943
8.03661,15.5575
10.0489,17.1655
7.93115,16.2596
8.75712,16.3895
9.73987,17.1533
9.16871,16.833
8.7622,16.2049
8.11071,16.6608
9.75154,17.2361
10.1437,17.0608
7.80658,15.4393
8.89118,16.058
9.96085,16.34
7.97041,15.8656
10.0271,16.4762
8.28234,15.582
9.36457,16.5945
8.76993,16.1329
9.60406,17.264
8.25862,16.7961
9.49865,16.6072
8.42826,15.5002
7.95575,16.0448
7.84379,15.2552
9.63236,16.4223
9.15752,17.063
7.9703,15.9876
10.2433,16.5412
9.58386,16.6539
8.6159,16.2612
8.88793,17.1559
10.1444,16.7467
9.86446,16.939
7.99451,16.381
8.07217,15.2771
8.47959,16.2661
9.80913,16.994
9.35007,17.25
9.34616,16.8595
9.30432,16.0956
8.71883,16.8724
9.08504,16.5371
9.12017,17.2543
8.34315,16.7518
9.20899,17.2627
8.43491,16.7479
7.97476,16.432
8.12775,15.214
9.4863,17.2701
9.33158,16.9502
9.60332,16.8303
9.89454,16.1524
7.94896,16.2753
10.175,16.7525
10.2824,16.7341
9.69462,16.5265
7.91946,15.7204
8.10074,16.6275
8.76855,15.903
9.49809,16.402
8.7628,16.3205
7.79188,15.9084
8.26416,15.442
9.2869,17.2919
8.91049,16.3732
8.42043,16.2127
7.86755,15.4419
9.15052,16.5893
8.04906,16.1207
9.29237,16.8986
8.41354,15.6553
9.4131,16.9313
9.34385,16.5082
9.36405,16.7448
8.23699,15.7889
8.23083,15.3983
9.98447,16.8354
7.81553,15.775
10.03,16.8872
7.83752,16.2477
8.23116,16.5918
9.67384,17.2895
8.30228,15.5069
9.22746,16.2879
8.13496,15.4346
9.93674,17.2309
7.83522,15.5158
9.06718,17.2713
7.795,16.064
8.04225,16.6037
8.18603,16.5813
9.6772,17.1808
7.8668,15.359
9.11969,17.1422
8.62902,15.9381
7.72937,15.8521
9.40816,17.2941
9.18422,16.4344
7.75122,15.8093
8.22785,15.5869
9.66268,16.2823
10.5343,16.1524
8.47738,16.5396
10.0688,16.901
9.16283,17.2468
8.01113,16.32
8.17785,15.5249
7.75902,15.603
7.95528,15.9791
9.28367,15.9133
8.36776,16.797
9.91086,17.154
8.96651,16.1587
10.1679,16.3268
8.6009,17.0104
8.08306,16.5646
8.07371,15.2937
9.41076,16.6463
9.73007,16.9063
7.92391,15.8684
8.16974,16.177
7.94907,15.3843
8.64109,17.0635
8.02517,15.8947
9.74672,17.1453
10.5264,16.1426
9.11629,16.6483
9.12607,16.8565
8.31455,16.2484
10.2695,16.8808
9.4478,16.8125
8.05515,15.6655
9.52233,16.2837
8.27344,16.7039
8.10614,15.3367
9.84016,16.4867
9.05855,16.5657
8.71366,17.155
8.1316,16.509
8.00665,15.5261
8.0323,16.3977
8.45263,16.4329
10.2044,16.9124
8.60633,16.932
7.79857,16.1167
9.84448,16.7481
7.82982,15.9291
10.2182,16.9526
10.0036,16.6666
9.03571,16.345
8.68368,16.6871
9.4123,16.4632
8.93221,16.8668
8.6857,16.4658
9.1479,17.0335
9.14846,16.0935
9.41897,16.0888
9.47437,16.2884
8.29899,16.7405
8.86532,16.4399
9.14343,17.292
9.64807,16.84
8.05906,16.3741
9.85499,16.4042
9.26658,16.5905
8.32785,16.8644
8.32441,15.6474
9.77858,17.0926
8.32584,16.0264
7.75064,15.6592
9.16774,15.832
10.1518,16.8512
10.5107,16.1335
10.1158,16.5641
9.44992,17.2739
9.74354,17.2287
10.0521,16.7356
8.65356,16.6174
9.25534,17.3216
8.18686,15.2754
9.50037,17.2722
8.88638,16.7198
10.1008,17.0424
8.38313,16.7756
8.47728,16.7358
9.67768,17.2002
8.86158,15.8861
7.94963,16.473
8.78803,16.014
10.1884,16.6506
10.2604,16.6838
8.34519,16.4767
9.60554,16.6894
9.05997,16.7932
9.95708,16.8556
8.344,16.1666
9.47123,16.6534
9.66241,16.5205
8.70557,17.0648
8.62537,17.08
9.47782,17.1291
9.07635,16.8418
8.91235,17.0599
9.23238,16.5119
8.01138,16.3498
9.78665,16.4642
8.99203,16.2385
9.21163,17.2111
8.52493,16.7631
8.68922,17.1205
10.0824,16.5159
8.47958,16.8544
9.4042,16.6893
9.29251,17.1875
9.47073,16.4617
8.77802,17.0353
9.30385,16.3784
9.47617,16.2528
9.34088,17.1349
8.17962,16.4287
7.86955,15.5135
7.92909,16.0354
7.83856,15.7228
8.25666,15.8853
8.06941,16.149
8.03763,16.2263
8.79513,16.9108
9.53258,17.2154
8.11124,15.2077
8.42317,16.9583
8.77495,16.3653
8.97508,16.688
9.46747,17.1852
8.86749,17.0253
9.65652,16.8897
8.4006,16.3255
8.83822,15.9454
8.75021,16.9373
8.52306,16.1989
7.98035,15.178
8.77881,17.1835
9.63441,16.9603
8.13549,15.9417
8.9603,16.862
9.73257,17.2564
8.12188,15.8428
8.26908,16.1328
9.59989,16.5867
8.78334,17.1561
8.92428,16.1825
7.8708,15.2274
9.52783,16.2217
9.83476,16.8155
8.82787,16.789
8.24847,16.4631
8.73553,15.548
8.61661,16.7347
8.13029,15.7908
10.2916,16.6113
9.99865,16.8975
8.15299,16.586
9.88207,17.0034
10.279,16.8472
8.36691,15.4638
8.30816,16.8633
8.37583,16.8386
10.2429,16.3875
10.0135,17.1702
9.93562,16.6112
9.53736,17.2433
7.8997,16.2718
7.91422,15.5567
9.17804,16.2429
8.828,16.6507
9.94019,16.8175
9.38626,16.4845
7.87756,16.1805
7.8015,15.5219
9.23325,16.7072
8.21027,16.3771
8.76233,17.1484
9.5066,17.084
7.77414,15.6354
9.11238,16.7525
9.69528,16.6978
7.75666,15.9182
9.22249,16.1189
9.35477,17.1393
8.62889,15.6402
8.56029,16.3418
10.5151,16.1214
9.7539,16.6573
8.50797,15.5939
10.1212,17.1043
9.344,16.2956
10.1756,16.6296
8.54925,16.9857
8.19576,16.2763
8.69791,15.7479
8.17519,16.7206
9.76374,16.3767
9.75877,17.0542
9.7759,16.3495
7.91152,16.045
9.05483,16.2604
8.02301,16.4698
8.73481,15.79
9.5776,16.0776
8.48332,16.9469
8.91786,17.1495
8.90743,17.207
9.54859,17.1314
9.03653,16.1778
9.32116,16.7899
8.2856,16.5035
7.74599,15.8559
8.38851,16.6793
8.75941,16.9382
10.1673,17.0706
7.93007,16.1218
9.14393,17.0848
8.59474,15.6285
8.42235,16.7376
8.47998,16.1326
7.74949,15.4545
8.40557,16.0958
9.9454,16.688
8.4868,16.9549
8.36558,15.6575
8.39538,16.9003
10.0184,16.5796
7.82956,15.7685
10.1794,16.5666
9.16357,16.1765
8.44528,16.6779
9.91262,16.6352
8.96949,16.4135
7.87055,15.4078
8.73894,16.4506
9.00125,16.9133
7.97712,15.3358
9.03853,17.2261
7.81409,15.4625
9.31967,16.4292
8.28511,15.3356
7.9809,16.4649
7.80903,15.871
9.00974,16.1074
9.93008,17.0899
9.08962,16.3194
8.02347,15.1909
9.56604,17.3118
9.64119,16.9442
8.95406,17.0849
10.0094,16.4455
7.81924,15.2955
9.49728,16.9409
8.51355,16.6363
10.2948,16.7763
8.48983,16.1343
8.70718,16.9532
7.79054,15.6813
8.52098,15.7276
8.88324,16.3244
8.35034,16.2983
9.37743,16.9723
8.32203,15.4664
8.13606,16.4348
9.93317,16.9979
8.27115,16.636
7.92083,15.4395
8.74244,16.632
8.53402,16.3846
7.87976,16.2112
8.79816,16.4795
10.1793,16.8135
8.87749,15.9991
8.87064,16.6495
7.85997,15.34
10.1088,16.8836
9.31585,17.2613
7.86314,15.2875
9.38715,17.2748
8.83176,17.1596
9.57907,16.2323
9.70562,16.894
7.85714,15.6257
9.00438,15.7538
9.1383,15.9721
8.83322,17.078
8.94707,17.0131
8.71313,16.8257
9.1381,17.1783
8.28793,16.8113
9.01573,16.4142
9.77838,16.6423
8.08262,15.4467
9.83534,16.5907
9.43279,16.0443
9.98939,16.5081
8.24811,16.7431
9.27947,17.1344
8.56658,15.8639
8.77716,16.5581
9.53137,17.0995
8.09577,15.6867
9.19875,17.2184
7.97355,16.219
7.80589,16.1594
8.92363,17.1641
9.69751,16.4891
9.63165,16.6144
10.1755,17.0338
7.86312,16.137
10.2029,16.76
8.11677,15.4889
8.63598,16.0712
9.91943,17.1347
8.02954,16.5176
8.77943,16.7022
7.9646,15.2391
10.1952,17.0071
8.35568,16.5413
8.74393,16.4188
8.54482,16.4816
8.06382,16.1771
8.17332,16.566
8.34517,16.0916
7.9995,16.4581
9.54236,17.276
10.2551,16.9336
9.56939,16.9493
8.52302,15.9675
8.96745,16.8496
9.83,17.1951
9.18878,16.9603
8.93638,17.253
8.96716,16.3185
8.16238,16.7151
8.77207,16.7633
10.1992,16.6836
8.24535,16.3101
8.33314,15.5246
9.40584,17.2328
10.0429,16.6086
8.88298,17.2
7.77394,15.5604
7.90412,15.7498
7.93291,15.2035
8.47929,15.7941
9.84876,17.2082
10.047,16.3443
10.1451,16.4403
8.50136,16.9935
9.37648,17.1776
8.80322,15.7993
8.61145,16.991
7.84942,15.9151
9.10485,16.9703
8.54454,16.5447
10.4343,16.1357
9.43604,17.3319
10.1291,17.0136
7.79011,15.6275
8.15339,16.4822
8.55111,15.6626
8.42332,16.2693
8.13887,15.3642
9.31342,17.2469
8.09354,16.2905
9.99322,17.2061
9.75858,16.7462
9.01716,16.051
9.79064,16.1693
8.28447,16.6198
8.26509,15.9767
9.04813,17.1164
8.00308,15.2747
8.51823,16.8838
8.09432,15.2745
9.71906,17.1169
9.92507,16.5432
9.51826,17.035
9.23242,16.6116
8.36496,16.9278
8.75708,16.664
9.77842,16.4412
9.62676,17.1078
8.47129,15.95
7.867,15.8918
9.22266,16.8719
8.19515,15.7082
8.2294,15.2855
8.01085,15.9378
7.93195,16.1845
9.57066,16.3459
8.15095,15.6194
9.92593,16.8743
7.96182,15.754
9.47649,16.5198
8.51391,16.8714
8.59677,16.0875
9.61885,16.5309
7.84108,15.4326
10.2167,16.83
7.78855,15.7611
8.11786,16.2821
9.04685,17.2457
8.08951,16.5222
10.1695,16.2959
8.02622,15.3076
8.01991,15.9863
9.68345,16.7799
8.68924,16.8576
7.78765,15.7876
8.83556,17.1929
7.95385,15.5083
7.87485,16.3342
8.70375,17.0153
9.03681,17.0683
8.66012,15.9274
9.88069,17.0578
9.79704,17.2589
9.56543,17.1373
9.35865,17.3057
8.51983,16.1494
8.95382,16.9318
8.55676,16.7274
7.7718,15.8275
8.34921,15.5569
8.09045,16.371
7.97387,15.201
10.0072,16.2084
8.15071,15.3283
8.71417,16.0325
9.26388,15.9592
7.89134,15.3375
8.81197,16.0475
8.02346,15.3655
8.22484,16.734
8.09838,16.0811
9.94581,16.4118
8.359,15.6247
8.63192,16.3337
9.62556,16.9829
9.62865,16.1283
9.22229,16.4726
7.92338,16.1685
8.43072,15.7134
7.86889,15.9355
9.52553,16.0407
8.22803,15.8953
9.35154,16.041
10.2528,16.5889
8.51771,16.8506
7.76225,15.9795
10.171,16.8973
10.1815,16.9476
9.95143,17.1911
8.31182,15.8208
7.83382,15.9999
9.10698,16.1214
8.45196,16.5255
8.08729,15.5034
8.12753,16.0381
8.97259,15.699
9.73504,16.5618
8.69103,16.2226
10.0792,16.9245
10.2937,16.6974
10.0636,16.6316
9.65384,17.0719
7.86476,15.7168
9.29134,17.3097
8.32755,15.719
9.18857,16.2231
10.0348,16.2745
10.5252,16.1142
8.39673,16.4099
8.00969,15.2312
8.53072,17.0471
10.0384,16.7543
8.32183,15.37
8.01252,16.04
8.89509,16.0472
8.5195,16.7812
8.82196,16.8242
9.11811,17.1581
8.27812,16.6013
9.13125,16.3186
8.94964,17.2235
8.50984,15.8828
7.94746,15.1902
7.9633,16.3839
9.2084,17.0576
10.2744,16.8073
8.82851,17.0879
7.92925,15.2719
10.0697,17.1051
8.39344,16.8788
8.08108,16.2251
9.88119,17.1272
8.12322,16.0067
7.97972,16.1206
8.07053,16.6423
9.63268,17.0808
8.20578,15.4585
8.75293,16.1225
8.50611,15.8733
9.68581,17.2439
7.90924,15.2059
8.72066,16.9563
8.45842,15.8861
7.83301,16.065
8.43291,15.9421
9.83601,16.3537
9.87677,16.4496
8.57885,16.0139
8.89057,16.1502
8.45686,15.7394
9.82872,17.2457
7.73756,15.6655
8.35569,15.9647
10.0211,17.1071
7.8803,15.6169
7.90033,16.329
9.59212,17.1857
10.1327,16.6958
9.29636,16.6503
8.63336,16.5513
8.99142,17.0531
8.01203,16.4701
8.93542,16.6258
8.02022,15.7954
8.94648,16.6889
8.64188,16.8586
9.96093,16.9764
8.42179,16.5451
8.22379,16.499
9.81298,17.13
8.29541,15.9329
8.27396,16.8354
8.10582,15.7593
7.90748,15.2501
9.44539,17.1884
10.1588,16.589
9.79006,16.9146
8.71635,15.9989
10.1244,16.2939
9.02517,17.2058
9.00432,16.5873
9.84516,16.7554
8.90948,16.1498
8.60729,15.722
7.95289,15.6088
7.87506,15.2484
8.64122,16.6482
9.99025,17.0609
8.43489,15.5857
10.0741,16.971
9.9749,16.5237
8.47864,16.8785
9.06441,17.2606
8.52418,17.0191
8.84418,16.9331
8.20846,16.2956
9.30947,16.7377
8.56249,17.0368
8.75971,17.044
10.013,16.4819
7.80641,15.9703
9.52729,17.3002
9.49352,16.0931
8.82142,15.8598
9.21999,16.4637
9.95795,17.1426
8.98038,17.2076
8.2244,15.8762
9.03359,16.7211
8.15541,15.6985
9.39245,17.0897
8.18611,16.0497
8.18812,16.6354
8.90642,16.4603
8.45225,16.5942
9.78822,17.2793
9.3744,16.2837
9.85332,16.869
8.12026,15.3624
7.91362,15.5874
9.37994,16.3285
8.22914,15.3297
9.28895,17.2286
8.60743,15.7883
9.12443,17.2793
7.7847,15.3527
9.98168,16.7232
9.62014,16.2551
8.74485,15.8645
8.41634,15.8661
7.78902,15.3869
10.1158,16.7802
7.83613,15.6042
9.17759,16.7743
9.34744,16.9452
9.62406,17.2846
8.30072,15.837
8.94499,16.4147
7.97661,15.3885
9.47549,16.3688
8.42238,15.5985
7.82403,15.3494
7.75573,15.5688
8.90288,16.9476
9.66416,16.3411
10.0362,17.0943
10.0525,17.1386
9.78726,17.0915
9.30005,17.1443
8.11804,16.3743
8.73829,17.1035
8.54468,16.3446
8.37578,16.5449
7.74117,15.7364
8.31929,12.1972
7.44155,12.0208
7.14763,11.4774
8.27549,12.7188
8.91366,10.705
8.19032,11.336
7.20489,11.5977
7.03366,12.0479
7.20126,12.6385
8.1349,11.0303
8.97723,10.9703
7.49602,12.4232
8.15968,11.9352
7.22246,12.2449
6.94532,12.7639
7.99857,10.9496
6.92415,12.7258
9.21983,11.4841
8.37727,11.5596
8.21889,12.7334
9.00798,10.8927
6.88578,12.0509
7.57462,11.2688
7.59934,11.5763
8.85983,10.8311
7.55602,12.1142
7.17846,11.4586
8.06906,11.3401
7.98462,10.8995
7.88586,11.3361
6.94382,12.5866
7.54939,11.9152
7.23324,12.1775
8.79843,11.0557
7.54044,12.2686
8.50328,11.5391
7.14917,12.0693
7.45135,11.1528
7.58433,11.72
7.59601,11.0368
8.93596,11.1945
8.73735,11.0804
7.29998,12.0915
8.36165,11.6252
8.2314,11.5721
7.15837,11.855
7.41615,12.2879
8.65942,11.431
7.32319,11.2848
7.33249,11.6438
9.32034,11.3833
7.97271,11.1328
7.99341,11.7576
8.55853,11.354
7.67764,11.5034
7.22415,12.7372
7.13326,12.6865
7.82462,10.8832
8.11447,12.7946
8.44064,11.5171
7.65582,11.0077
8.92304,10.9518
7.2794,11.3628
8.19285,10.8191
7.97573,12.9474
9.07514,11.0676
8.59095,10.8414
8.82769,10.956
7.65599,11.1567
7.33079,11.8236
7.05863,12.3678
7.81068,11.6214
7.29253,12.5456
7.07731,11.6175
7.78082,12.0457
7.96598,11.9011
7.08711,11.5714
8.36324,11.4072
6.96681,12.3675
7.31914,11.3365
7.2664,12.7327
7.5626,11.4371
7.30645,11.8073
7.32928,12.5888
8.21718,11.7397
7.03482,12.1745
7.19221,11.7332
8.57922,11.207
8.27494,12.7051
8.53944,11.3906
8.42438,11.0367
7.77959,11.093
7.61663,12.2975
7.57958,11.6182
7.61368,12.1333
7.10803,12.0644
8.31946,11.7106
7.6868,11.0137
8.12855,11.3499
8.75666,10.8137
9.20489,10.8563
7.70984,11.4426
8.18065,10.7635
7.9658,12.9743
7.18167,12.4231
7.61971,11.0744
8.62156,10.9013
8.79461,11.0002
8.04778,11.8541
7.78606,11.2388
7.37753,12.3787
7.19798,11.6951
8.07622,10.9685
8.05527,12.9115
9.02726,11.0749
7.17029,12.7807
7.86234,11.296
7.6967,11.2169
7.74519,11.1788
7.87639,13.0832
7.8542,10.9966
6.91453,12.0519
8.37931,11.0732
9.11122,10.7534
7.96836,12.9525
7.29766,11.5159
8.11913,11.6998
7.37623,12.2215
8.2682,10.765
8.43765,10.8698
8.45164,11.2945
8.01095,11.6622
7.87178,11.5098
7.08013,12.8597
7.33364,11.2986
8.64405,11.2849
8.7283,11.384
8.71666,10.8398
9.02543,10.8057
8.11533,11.291
8.02994,12.8798
7.67749,12.201
7.46089,11.1806
7.30921,12.146
8.07676,10.8867
6.85405,12.4328
8.8676,11.0141
7.67578,12.046
6.90051,12.2017
7.6577,12.2941
8.78911,10.6661
7.22758,12.6721
9.14081,10.8635
8.55828,10.826
7.06451,12.5021
7.8986,13.0383
7.02625,11.8685
7.78214,11.9884
7.75902,10.9897
8.07851,11.8978
8.90549,10.6673
8.41276,11.0503
8.14384,11.4821
8.35298,10.7422
7.36074,12.4054
8.36342,11.4394
7.26184,12.4971
7.96365,11.9531
8.3744,11.2697
9.08621,10.7289
7.12324,12.3959
8.37291,10.6846
7.81684,13.1441
8.43043,11.1537
7.92166,11.7818
7.67319,11.0722
7.96622,11.0075
7.13867,12.5087
8.87962,11.1178
6.98755,11.869
7.88776,11.4443
8.46402,11.6826
7.01654,12.7098
6.93935,11.8509
7.24517,12.5948
7.85259,10.9127
7.75585,11.0743
7.7988,11.8161
7.76252,12.2075
7.41362,11.4657
8.10081,10.803
7.77019,11.8126
8.23876,11.0986
6.92477,12.1518
7.11804,12.7917
9.02902,10.7227
8.30536,12.6575
7.36667,11.301
8.30498,10.9329
8.0563,10.9944
9.14435,10.9661
7.36094,11.357
7.75902,11.5389
8.52549,11.5319
8.86518,11.1886
7.60537,11.3399
7.06827,11.5947
8.53007,11.2034
8.47786,11.4436
6.87903,12.2516
6.90256,12.436
7.5183,11.53
7.59658,11.1193
7.91411,10.8376
7.86788,13.0728
8.84246,10.8465
9.04332,10.7912
8.70145,11.1279
8.99737,11.0528
8.33413,11.7693
7.09761,11.7315
8.81988,11.0596
8.40417,10.7658
8.12141,10.7544
8.99346,11.1206
8.6156,10.9595
8.00567,10.8046
8.70274,10.6428
7.09934,11.6595
8.93759,10.6802
7.35366,12.32
7.1276,12.6411
9.05459,10.9829
8.59836,11.0287
8.67648,11.2377
7.76219,11.9423
9.10759,10.9281
8.01192,12.9218
7.28782,12.2014
8.35332,10.6816
8.10925,12.8206
9.09957,10.8763
7.60438,12.2611
7.80445,11.8589
8.5251,10.6963
9.04952,10.7317
7.35693,12.6231
8.2419,12.6812
7.20172,11.9761
7.36431,11.2393
8.63107,11.4494
9.11541,10.8218
7.55735,12.2872
8.03957,11.2975
9.18545,10.8882
8.10737,12.8804
7.88311,12.0019
7.0699,12.2146
8.55707,11.2376
8.9852,10.6828
7.3914,12.5251
7.42284,11.5908
7.97302,10.823
8.96761,10.7729
7.08884,11.8625
8.45746,11.3943
8.82149,11.3058
6.88478,12.5106
8.25669,11.5492
7.03144,12.072
8.33312,10.7902
8.50141,11.0252
9.15116,10.7559
8.28412,10.7945
7.11887,11.5309
7.06776,12.681
8.78836,11.2367
7.46737,11.2749
7.53115,12.1239
7.04036,12.7059
9.17836,10.8388
7.12783,12.4877
7.8278,11.9043
8.64822,11.3918
7.98768,12.9824
7.93016,10.9186
9.36122,11.3401
8.8034,10.7476
7.55049,12.0697
8.5523,11.4643
7.04666,11.8889
8.3903,10.9417
8.64173,10.6418
7.54652,11.1746
8.11984,11.0878
7.96126,10.8067
6.92207,12.1272
7.57544,12.4
7.44287,11.3785
7.92633,11.1433
7.43436,11.7076
7.4653,12.325
7.26765,12.3675
8.60649,11.0819
7.85117,13.1081
6.98264,11.9436
7.35563,11.5599
8.67867,10.6697
8.69944,10.6826
6.98668,12.8034
8.33039,11.4037
6.96275,12.7901
7.05344,12.7876
8.09553,12.8703
7.19431,12.7854
7.04986,11.8267
7.60695,11.5399
8.76139,11.208
8.36658,10.8524
8.36865,12.5925
7.21052,11.4446
7.29805,12.006
8.13101,10.9553
7.36869,12.5664
7.22138,11.5095
8.46217,10.9028
8.58204,11.1445
7.69496,11.2691
8.0963,10.8487
7.85444,10.866
8.15645,10.7769
7.47259,12.1633
8.92905,11.12
8.63261,10.7735
6.98769,11.8131
7.51328,11.2369
8.49282,10.9246
8.18293,11.4352
7.7713,11.0076
8.01765,10.8449
8.08637,11.7833
7.52868,11.9725
8.3598,11.6959
8.63154,11.5184
7.39233,11.1908
7.2859,11.4697
8.55223,10.6356
7.1581,12.6174
8.85752,11.2486
6.99063,12.1292
8.21512,10.9077
7.37886,11.5127
7.02,12.4144
8.16605,11.5164
8.58234,10.8752
6.86356,12.5878
7.68563,11.8944
7.25233,11.6889
8.96296,10.8591
8.77198,11.3905
7.87128,13.0522
8.2844,10.6912
7.61213,11.1756
8.17658,11.729
7.41447,11.1666
7.56131,12.1792
7.91823,11.2186
7.87045,11.5367
8.80424,10.7229
9.08766,11.0265
6.99225,12.8364
8.53253,10.6523
8.59297,10.6714
7.66577,11.527
8.15822,10.74
9.17262,10.9241
7.49414,11.3242
7.76363,10.9394
7.75945,11.6762
9.04575,10.8513
7.18731,11.9662
6.95851,12.2093
7.07939,12.5585
6.91115,12.6874
7.19258,11.8816
7.46744,12.4035
7.12781,11.6228
8.28902,11.7452
7.99821,11.2276
6.98579,11.7791
8.77171,10.9147
8.24836,11.4521
7.61817,11.8279
8.42356,12.4543
7.9655,11.539
8.73291,10.8561
7.7452,12.1698
7.71828,10.937
7.67352,11.2864
7.89407,11.0797
8.38439,11.2501
7.98586,11.6542
6.94032,12.3015
8.3865,10.7934
8.03176,12.0023
8.07528,11.9504
7.03902,11.7218
8.88282,10.9035
7.19263,11.6608
6.86108,12.1641
7.31082,11.7648
7.03474,12.5413
9.01152,11.0024
7.50216,11.9033
8.15937,12.7704
8.17915,11.2593
7.03659,12.8555
7.11975,12.7632
6.88478,12.5502
6.84863,12.3252
6.94482,11.9798
7.56761,11.9995
6.99639,12.2652
7.58514,11.7767
9.14357,11.5563
8.85806,10.7453
7.30101,12.4034
7.45889,12.4171
9.17055,10.7997
8.15132,11.1776
7.85971,10.931
7.96647,11.4312
7.4213,12.1105
7.70325,11.3711
6.89983,12.4745
7.943,13.0188
7.71273,12.2305
7.09007,11.7877
7.08975,12.7825
8.62115,10.7088
8.32207,12.6222
6.99562,11.7478
9.14151,10.7828
7.5234,11.4828
6.95438,11.8774
6.92673,12.3786
7.26614,11.859
7.7333,12.0824
7.69104,10.9526
7.92416,13.0335
8.93681,10.743
7.31176,12.5922
7.49167,11.7778
6.89338,12.1226
8.44475,11.5573
8.39198,11.1999
8.842,10.7068
8.6835,10.7895
8.46371,10.8257
6.89558,12.0122
8.818,10.6485
8.30658,10.9785
6.94868,12.4876
7.0232,12.2819
8.73564,11.2968
7.69509,11.3839
6.89108,12.5698
8.4889,10.7537
8.91708,10.8436
7.61921,11.7347
8.18073,11.6094
8.51547,10.7587
7.00742,12.3604
9.06398,10.9143
8.67861,10.7296
8.12621,11.1279
7.3209,11.4321
8.70026,10.9761
7.24157,11.9766
7.179,11.5619
7.50836,11.1454
7.91547,11.6173
8.71827,11.1614
7.77086,11.1017
8.209,10.9886
8.08318,10.7617
7.00379,12.5986
7.37274,12.0119
7.30799,12.647
7.90657,11.2624
7.50399,11.3981
7.08237,12.8396
7.52605,11.8832
8.24693,11.6333
7.40807,11.2204
6.86716,12.3279
7.96877,11.3815
8.96326,11.053
7.54811,11.0552
8.47067,10.6701
8.26912,11.1964
7.97688,12.0648
6.89428,12.2944
7.07511,12.1398
7.87172,12.0277
9.15169,10.9239
7.90088,13.0527
7.39795,11.8119
7.83329,11.9871
8.28358,10.7113
7.7434,11.7241
8.21772,12.7221
7.20546,12.1441
8.45121,11.613
6.98552,11.993
6.87454,12.3954
8.99078,10.7039
6.97405,12.6876
8.76028,10.6579
8.06064,11.7351
7.31448,11.5837
7.48973,11.1325
6.978,12.7152
8.38196,10.691
9.30154,11.4133
8.03222,12.9297
8.22222,10.8262
7.44719,11.8193
7.02886,11.6713
7.93231,11.6802
7.92601,10.9847
8.15597,11.9223
6.9904,12.5501
8.92246,11.1755
8.25844,11.8448
8.29004,11.1766
6.94893,12.6229
7.01696,12.8371
7.19062,12.029
7.21541,11.3927
7.14931,12.2841
7.24467,11.4202
7.20436,12.3798
12.0126,10.8
12.1657,9.69331
13.049,10.1681
13.6168,10.6069
12.9742,10.114
11.9619,9.63435
13.2105,10.2863
11.7113,9.55321
13.3353,10.3825
12.0851,10.9689
13.3152,10.3593
12.9798,10.1557
12.86,10.0431
11.7698,9.57461
12.3795,9.78685
12.4983,9.85567
12.6907,9.94624
12.4405,9.81831
11.9137,9.64547
10.2984,9.39916
12.2929,9.75136
12.0212,9.64392
12.5312,9.88809
12.9058,10.0761
12.0912,9.68372
11.6659,9.54733
12.812,10.0176
13.2172,10.2837
11.6114,9.52839
12.558,9.86315
13.2888,10.3368
12.018,10.9471
12.7479,9.99503
12.0232,9.6796
12.7571,9.96349
12.6014,9.89414
11.9442,9.6326
13.0992,10.2023
12.2183,9.72352
12.1125,9.67773
12.1469,9.71904
12.8274,10.0449
13.1702,10.251
12.2719,9.77626
13.3725,10.3967
13.0036,10.132
13.1358,10.2271
12.3311,9.78696
11.9542,9.61071
12.7098,9.97144
12.6463,9.93898
11.9529,10.891
11.8388,9.59109
11.8098,9.58531
12.9342,10.0948
11.5588,9.51557
13.3994,10.436
12.4395,9.8299
12.5833,9.92817
