0.798841,0.737453,
0.966805,2.56629,
2.28669,-0.964886,
1.00857,2.5303,
1.1823,2.49527,
0.952182,2.53742,
1.18758,2.42016,
2.2111,-0.156936,
-1.55353,0.236827,
2.19561,-0.995983,
1.20097,2.37224,
2.34841,-1.31386,
-1.52476,0.301684,
1.03474,2.41437,
1.1307,2.48299,
0.898554,2.68727,
2.28178,-1.20384,
0.877626,2.59838,
1.15557,2.5767,
2.24606,-1.11867,
1.15598,2.4489,
1.60163,1.90645,
2.31595,-1.14873,
2.29462,-1.16058,
2.27475,-1.03733,
1.12706,2.34818,
1.08391,2.36957,
2.33417,-1.06801,
2.25989,-1.24411,
2.24454,-1.04809,
2.2476,-1.12289,
2.22573,-0.923383,
0.906167,2.64481,
2.32824,-1.32898,
1.68356,-0.987503,
1.20359,2.50261,
2.31208,-1.19608,
2.31366,-0.991361,
1.03897,2.56133,
2.2785,-1.0808,
2.19452,-0.894378,
1.14592,2.41388,
2.38503,-1.22589,
2.30607,-1.34058,
1.03089,2.6355,
1.03425,2.57383,
2.34691,-1.07512,
0.889355,2.68459,
2.22979,-1.08619,
1.22071,2.39248,
0.925453,2.56284,
0.960245,2.65455,
2.38872,-1.13461,
2.22496,-1.00651,
1.22872,2.41612,
0.983237,2.53313,
1.60187,1.89187,
2.25236,-1.18517,
0.516179,0.990836,
0.875399,2.58199,
2.30858,-1.00193,
0.875639,2.66185,
1.09523,2.43671,
2.25711,-0.939118,
0.267215,2.44769,
2.25366,-1.00957,
1.0324,2.48489,
2.17115,-0.0937847,
1.1418,2.42763,
2.29899,-1.13017,
2.35751,-1.2709,
2.36463,-1.06491,
2.21447,-1.07665,
2.29807,-0.981148,
1.23682,2.45587,
0.939143,2.56944,
2.33,-1.00868,
1.04021,2.624,
0.985442,2.64587,
2.27113,-1.11662,
2.05826,-1.26275,
1.22325,2.48168,
2.2017,-0.936165,
2.3394,-1.09352,
0.9094,2.58431,
0.992033,2.57061,
2.28284,-1.31284,
1.63408,1.87564,
1.2105,2.41827,
1.07241,2.63066,
2.3437,-1.29494,
2.29413,-1.29629,
1.13516,2.39296,
2.29571,-1.24645,
2.24697,-1.06045,
0.868435,2.66346,
1.13052,2.47411,
2.36408,-1.25112,
2.18504,-0.904275,
2.30724,-1.11066,
2.28962,-1.19532,
1.15272,2.3677,
2.34859,-1.1857,
1.62632,1.88345,
1.06039,2.44491,
1.36106,-1.19922,
0.981171,2.60061,
-0.00390071,0.0997604,
0.899477,2.6128,
0.925782,2.52379,
2.37054,-1.14387,
2.27801,-0.994338,
0.935967,2.68213,
2.19096,-0.99064,
1.19618,2.53026,
2.24232,-1.20519,
1.11424,2.49169,
1.14298,2.52156,
1.07177,2.37436,
0.311949,2.40961,
1.63279,1.90081,
1.10121,2.53741,
2.17242,-0.089244,
1.06164,2.48842,
2.38217,-1.20514,
2.23072,-0.194918,
1.2307,2.45699,
1.08222,2.5672,
2.19483,-0.916066,
1.07395,2.61065,
1.19959,2.35656,
2.33177,-1.15678,
1.05545,2.49401,
0.934779,2.57664,
2.22417,-1.13285,
0.951436,2.62009,
2.01353,1.14878,
-1.56424,0.132517,
2.31582,-1.31856,
1.08707,2.5904,
2.28528,-1.06387,
2.2138,-1.05636,
0.978385,2.47068,
-1.55759,0.0454407,
2.28226,-1.01408,
1.12065,2.60133,
1.63221,1.8709,
0.980366,2.67209,
2.23345,-1.14641,
1.17529,2.38776,
0.272172,2.44338,
0.925302,2.62971,
2.38646,-1.14481,
0.856035,2.65769,
2.29513,-1.33348,
1.23247,2.40358,
2.22463,-0.186698,
2.36945,-1.26266,
1.04709,2.45272,
2.28408,-1.14487,
1.23784,2.43453,
2.22344,-0.904334,
0.905556,2.65568,
1.18053,2.07704,
1.23002,2.39044,
1.18899,2.3613,
1.18489,2.06404,
2.34465,-1.22471,
1.20523,2.4084,
1.61154,1.91197,
1.00402,2.45551,
-0.0557988,1.13967,
-1.4586,0.333006,
1.37657,-1.5963,
0.93393,2.67572,
1.16977,2.34182,
1.08533,2.50905,
2.27177,-1.28561,
1.1952,2.44636,
2.33527,-1.28171,
0.915674,2.53886,
2.26874,-1.22473,
0.954148,2.67795,
1.16346,2.55984,
1.04414,2.53826,
1.11413,2.41991,
0.979509,2.47094,
2.25421,-1.15022,
1.00678,2.4677,
0.267292,2.44958,
2.3652,-1.21309,
2.3706,-1.24304,
2.32954,-1.26266,
2.38049,-1.17084,
0.970611,2.51417,
1.17351,2.49424,
1.18013,2.41571,
0.996736,2.55701,
1.37003,-0.161972,
2.1986,-1.03491,
1.0734,2.39532,
2.30064,-1.31732,
2.06291,-1.30081,
-1.37345,-0.251236,
2.2466,-0.973781,
2.33712,-1.32511,
2.36727,-1.08128,
2.28969,-1.28732,
1.0076,2.62548,
2.23368,-1.19563,
1.20695,2.51832,
1.02635,2.41079,
2.22673,-0.943964,
2.20389,-0.150255,
1.05875,2.53161,
2.3639,-1.28579,
2.38065,-1.23614,
0.269834,2.44691,
1.03405,2.61387,
0.923415,2.67825,
1.06282,2.60342,
2.33778,-1.18765,
-1.55623,0.224564,
0.889427,2.56921,
0.955552,2.49815,
2.32016,-1.12382,
1.16447,2.42209,
1.11329,2.441,
1.0454,2.64587,
0.874931,2.64232,
1.14044,2.5403,
0.959975,2.50426,
1.08037,2.41038,
0.872046,2.67781,
2.3729,-1.11217,
2.30996,-1.23932,
1.12019,2.38022,
0.978396,2.62428,
0.972668,2.45744,
2.18463,-0.918237,
0.855309,2.64541,
2.37716,-1.10056,
2.24687,-0.949365,
0.898552,2.62163,
0.968734,2.67643,
1.12821,2.57508,
1.63138,1.88679,
0.908535,2.67823,
-1.45817,0.362082,
1.024,2.44472,
-1.57779,0.114789,
2.26619,-1.25196,
1.03144,2.40166,
1.13384,2.59135,
0.934728,2.52583,
1.17697,2.55551,
1.21531,2.37923,
1.17562,2.36492,
0.898507,2.58134,
2.37146,-1.15991,
1.24035,2.41281,
1.08459,2.37895,
-1.57773,0.182642,
2.33205,-1.23131,
2.36556,-1.13439,
-1.45661,0.356896,
2.25543,-1.07975,
2.33419,-1.30999,
2.26792,-0.948517,
0.776046,2.06261,
1.00929,2.65578,
1.06814,2.3797,
2.19532,-0.920832,
1.17474,2.50595,
1.01245,2.56933,
0.999442,2.63713,
2.2267,-0.962692,
1.11151,2.35079,
-1.57398,0.145042,
-1.57571,0.2098,
1.11263,2.37577,
1.07935,2.57488,
2.31455,-1.3355,
2.33245,-1.01887,
0.944335,2.60119,
1.61545,1.89675,
1.18863,2.53838,
2.39171,-1.19079,
2.27586,-1.31042,
1.10017,2.60989,
0.886023,2.62072,
1.03017,2.43062,
0.860824,2.67405,
2.3541,-1.05008,
2.374,-1.19118,
2.26688,-1.23623,
-1.5433,0.260625,
0.980406,2.47448,
-1.52346,0.282939,
0.920175,2.52918,
2.34633,-1.14404,
1.21725,2.49974,
1.16126,2.35353,
0.906364,2.55695,
1.61139,1.89221,
1.0214,2.6596,
1.1927,2.46054,
1.16631,2.53317,
2.21188,-0.165467,
0.936916,2.64473,
2.27253,-1.21446,
0.991335,2.64984,
2.13559,-1.0046,
2.19527,-0.948133,
0.873149,2.61285,
1.61454,1.88994,
2.31829,-1.28669,
1.13887,2.56179,
1.0745,2.52746,
0.890628,2.67097,
2.25163,-1.00269,
2.30354,-1.28897,
1.60572,1.90413,
2.18668,-0.947782,
1.61922,1.91131,
1.04909,2.39638,
1.01759,2.50287,
1.06706,2.63851,
1.20592,2.46839,
2.21298,-0.989059,
2.25715,-0.968696,
1.0825,2.40316,
1.05112,2.42043,
2.32329,-1.0262,
-1.52936,0.231427,
2.35843,-1.29798,
2.34474,-1.04408,
2.31341,-1.07173,
1.21173,2.46885,
2.20191,-0.143039,
1.06423,2.62105,
1.10819,2.56817,
0.996192,2.44314,
1.122,2.50042,
1.15193,2.53582,
2.26453,-1.0448,
2.23735,-1.01583,
0.951105,2.64032,
0.472589,-0.964386,
1.28665,-2.11477,
1.58049,-1.41248,
1.33409,-1.88027,
0.886689,-2.06659,
0.369557,-0.89751,
0.898365,-2.1352,
1.12703,-2.04607,
1.30909,-0.718449,
1.60975,-1.5347,
0.854672,-2.19323,
1.11969,-2.0704,
0.762492,-1.81568,
0.906753,-2.11773,
0.980475,-2.13089,
0.49565,-0.801174,
1.31057,-1.86876,
0.971282,-2.14935,
0.828906,-0.307986,
0.919803,-1.98511,
0.903541,-2.0083,
1.58719,-1.53227,
0.734721,-1.74388,
1.14442,0.244006,
1.31132,-0.857628,
0.745937,-1.70554,
0.739722,-1.70734,
0.999298,-1.99971,
0.413707,-0.950182,
1.28503,-0.462363,
1.36578,-1.42221,
0.995815,0.738403,
1.29958,-0.901592,
1.21279,-2.07294,
1.27443,-1.43522,
1.29618,-2.12805,
1.10385,-2.12871,
1.04375,-1.91416,
1.03464,-2.14691,
0.699069,-1.82555,
0.149544,-2.0851,
0.434009,-0.754848,
1.19783,-1.71505,
0.715858,-1.72268,
0.649388,-1.76282,
1.06931,0.732073,
1.10172,-2.00752,
0.753087,-1.73458,
1.08413,-2.06978,
1.45154,-1.40584,
1.06425,-1.96154,
1.302,-1.86631,
0.746468,-1.739,
1.0472,0.593039,
0.780773,-1.76621,
1.26994,-0.513743,
1.42088,-1.34136,
1.58617,-1.45987,
1.31219,-2.12439,
1.62009,-1.57263,
1.40875,-1.34616,
0.973643,-1.98961,
1.22727,-1.55125,
1.27089,-2.12103,
0.758462,-1.70426,
1.27037,-1.35178,
0.455305,-0.936563,
1.58587,-1.44129,
0.632266,-1.7682,
0.693255,-1.73953,
1.2048,-2.05619,
0.663429,-1.69869,
0.344323,-0.920758,
1.60369,-1.51804,
1.02958,-1.96501,
0.734428,-1.76078,
1.22808,-2.07538,
1.57169,-1.50636,
1.59056,-1.49831,
1.6245,-1.19765,
0.913651,-0.387383,
1.29321,-1.34912,
1.42055,-1.31666,
1.37411,-1.42134,
1.43258,-1.41278,
1.63775,-1.46119,
1.46548,-1.52216,
1.62275,-1.50361,
1.35857,-1.40493,
1.22846,-2.11648,
1.36903,-1.43873,
0.730484,-1.79432,
0.908048,-2.07293,
1.32465,-1.87275,
1.57345,-1.46716,
1.32049,-2.133,
1.44676,-1.41775,
1.18976,-1.96619,
0.883423,-1.98788,
0.999308,-2.1639,
1.22608,-2.06663,
1.6108,-1.59208,
1.15835,-2.05946,
0.690662,-1.83507,
1.52487,-1.50612,
0.927943,-2.18923,
0.880035,-2.1955,
1.54646,-1.52687,
0.741921,-1.77979,
1.61334,-1.48458,
1.13906,-2.0509,
1.62522,-1.49358,
0.788383,-1.76209,
0.706656,-1.75131,
0.970961,-2.05411,
1.45826,-1.40726,
1.34311,-1.87915,
0.724751,-1.71015,
0.92436,-2.1783,
0.862129,-2.19242,
1.19609,0.039188,
1.58419,-1.54675,
1.10933,0.375415,
0.687919,-1.8114,
0.140848,-2.18003,
1.46747,-1.39396,
1.16503,-2.06226,
0.411106,-0.936096,
1.17119,0.365864,
1.64652,-1.5402,
1.076,0.479491,
1.46145,-1.36275,
1.55434,-1.61698,
1.15037,-1.92967,
1.44555,-1.36352,
0.374122,-0.876062,
0.380142,-0.883322,
1.65192,-1.55227,
0.901642,-2.13992,
0.846814,-1.98913,
0.905356,-2.08263,
1.10845,-2.07047,
1.00382,-2.09063,
1.07542,-2.07993,
0.70689,-1.71782,
0.864658,-1.92811,
0.841326,-1.95033,
0.939382,-2.13429,
0.990639,-1.93409,
0.698661,-1.68858,
1.03298,0.612895,
0.900361,-2.19752,
1.35595,-1.43772,
1.32793,-1.8733,
1.14553,-2.07321,
0.149216,-2.04968,
1.57475,-1.52621,
1.19861,-1.81769,
1.37571,-1.44192,
1.40205,-1.37064,
1.59067,-1.50262,
1.06459,-2.09534,
1.60581,-1.56418,
1.52835,-1.41903,
1.52056,-1.39497,
0.725189,-1.6987,
1.38613,-1.45228,
1.36588,-1.43688,
1.60982,-1.5279,
0.837848,-0.335454,
1.61895,-1.51683,
1.18882,-1.80264,
0.731214,-1.71814,
0.870217,-2.10512,
0.943505,0.863596,
1.51089,-1.50583,
0.702442,-1.72537,
0.679709,-1.70095,
0.809775,-0.24998,
0.1652,-2.07633,
1.61978,-1.57162,
1.25305,-0.268412,
0.94942,-2.17901,
1.55652,-1.48635,
1.08919,0.448864,
1.26766,-2.10565,
1.64668,-1.49552,
0.929757,-1.98215,
1.25452,-1.22493,
0.143367,-2.07393,
0.450888,-0.796429,
1.02472,-2.06072,
1.28347,-0.995284,
1.63386,-1.47231,
0.727956,-1.73674,
1.63238,-1.56185,
1.38743,-1.45797,
1.50902,-1.45804,
1.53765,-1.53678,
1.11038,-2.06059,
1.00293,-2.05208,
1.65407,-1.14463,
1.31223,-2.13416,
1.23817,-2.07493,
1.2949,-2.11396,
0.758821,-1.71433,
1.60663,-1.54052,
1.08455,-2.0349,
1.47856,-1.55844,
0.924506,-1.97773,
1.52985,-1.59656,
0.7104,-1.68495,
0.98382,-1.93577,
0.722871,-1.70244,
1.30584,-2.11862,
0.921616,-0.402198,
1.15415,0.434748,
1.0372,-2.05276,
0.389914,-0.932788,
0.0961983,-1.9207,
0.909662,-2.1802,
1.61635,-1.48454,
1.54479,-1.50737,
0.873665,-2.19485,
0.846209,-2.1866,
1.2306,-2.26177,
1.12262,-2.20806,
1.27542,-2.26098,
1.16076,-2.2998,
1.1231,-2.29628,
1.30443,-2.24482,
1.22338,-2.22834,
-0.296275,-1.06025,
1.04698,-2.31549,
1.1345,-2.29748,
1.20584,-2.28145,
1.13424,-1.76312,
1.1653,-2.31215,
0.987285,-2.21993,
1.10799,-2.14461,
0.788673,-2.21232,
1.16477,-2.25055,
0.15587,-2.18449,
0.624806,-1.74351,
0.809449,1.22404,
1.00338,-2.20609,
1.67948,-1.44682,
1.02797,-2.29755,
0.458105,-0.700263,
1.12965,-2.25405,
1.08409,-2.294,
1.15154,-2.29028,
0.827554,1.23273,
0.83398,-0.254918,
1.06309,-2.31598,
1.2674,-2.25802,
0.640401,-1.72508,
1.28074,-2.25,
0.808546,-0.27161,
1.27651,-2.27936,
1.32554,-2.24879,
1.5508,-1.44113,
0.180406,-2.17904,
1.06868,-2.29512,
0.807051,1.28298,
1.00782,-2.31063,
1.4032,-1.39037,
0.945829,0.9592,
1.06788,-2.25892,
0.90901,1.03156,
1.11184,-2.22491,
1.18511,-2.24173,
1.09099,-2.169,
0.767161,1.3519,
1.09876,-2.30239,
1.10088,-2.29656,
1.22647,-2.29629,
1.01224,-2.29529,
0.788205,1.31257,
0.801724,1.28006,
1.03521,-2.30358,
0.0540778,-0.560821,
0.991446,-2.12228,
0.99525,-2.27156,
0.836587,1.21819,
0.910177,1.05717,
1.54228,-1.56587,
0.850994,1.16556,
1.20828,-2.23663,
0.451372,-0.728672,
0.945723,-2.29562,
0.791842,-2.02585,
0.816579,1.25257,
0.812806,-0.235442,
1.18569,-2.30613,
1.05405,-2.29437,
1.22439,-2.19584,
0.650979,-1.80343,
0.191403,-2.16179,
1.30139,-2.25052,
1.25889,-2.28403,
0.381333,-0.727872,
1.24235,-2.2742,
0.326028,-0.912032,
1.17205,-2.17547,
1.07248,-2.21356,
1.15694,-2.22101,
1.27707,-2.20148,
1.18257,-2.17239,
1.2427,-2.24062,
1.18286,-2.28641,
0.846641,1.19536,
1.08438,-2.31416,
1.12919,-2.29512,
1.28777,-2.25422,
0.891047,1.02114,
0.817552,1.26534,
0.859019,1.17677,
1.0942,0.485221,
1.69384,-1.5572,
1.20866,-2.30054,
1.39326,-1.40444,
1.1424,-2.29242,
0.794056,-2.06506,
1.28392,-2.26893,
1.15152,-2.17808,
0.773849,1.35039,
1.21503,-2.28,
1.51985,-1.57854,
0.79136,1.2321,
0.940293,-2.09641,
0.879006,-2.21428,
1.23646,-2.20317,
1.0469,-2.29754,
1.02891,-2.26295,
0.671469,-1.84045,
1.16521,-2.28524,
0.869765,1.12083,
-3.90086,-1.41221,
-5.00097,-1.51304,
-4.62667,-2.46492,
-4.78844,-2.14112,
-5.11069,-1.13395,
-5.13381,-1.02257,
-5.12743,-1.05412,
-5.04736,-1.37877,
-4.91625,-1.78658,
-4.93627,-1.74056,
-5.04454,-1.37259,
-3.89275,-1.32442,
-2.76079,-1.22721,
-4.88236,-1.9135,
-4.80903,-2.09099,
-5.03482,-1.42185,
-4.75308,-2.22204,
-3.8318,-1.49793,
-4.38764,-2.9084,
-4.94568,-1.70206,
-4.99305,-1.56968,
-4.90293,-1.85412,
-3.85937,-1.38637,
-5.10281,-1.14965,
-5.10584,-1.15288,
-4.99192,-1.58103,
-5.09255,-1.21404,
-3.88857,-1.36521,
-5.11234,-1.1264,
-5.13965,-0.986008,
-4.8245,-2.05209,
-4.7948,-2.12495,
-5.0732,-1.27409,
-3.88945,-1.35248,
-4.96213,-1.67383,
-5.02024,-1.48925,
-4.89836,-1.85988,
-4.91374,-1.81899,
-5.12327,-1.04584,
-4.99876,-1.57131,
-5.01734,-1.47723,
-4.9866,-1.59015,
-4.63766,-2.44629,
-3.80148,-1.53807,
-4.92411,-1.78573,
-5.09116,-1.19035,
-4.74781,-2.23228,
-5.02172,-1.49206,
-5.00355,-1.53909,
-5.06747,-1.28306,
-4.83601,-2.02641,
-4.88404,-1.89467,
-5.08473,-1.23057,
-4.93804,-1.73733,
-4.85687,-1.97551,
-5.05504,-1.35384,
-4.75197,-2.22018,
-5.01779,-1.50566,
-5.08895,-1.23118,
-3.872,-1.40142,
-4.90441,-1.84786,
-3.88968,-1.33225,
-4.93678,-1.75019,
-4.63731,-2.46467,
-5.05504,-1.37398,
-4.81919,-2.06158,
-4.94652,-1.70802,
-3.84977,-1.39468,
-5.05297,-1.34968,
-4.86561,-1.94606,
-4.83893,-2.0155,
-5.06275,-1.34127,
-5.07546,-1.27681,
-4.89136,-1.87805,
-4.8564,-1.95833,
-5.00952,-1.52397,
-4.81599,-2.06785,
-4.71407,-2.29564,
-4.65651,-2.41914,
-4.93893,-1.7239,
-4.8701,-1.92224,
-5.07828,-1.27927,
-4.7317,-2.26673,
-3.88468,-1.30688,
-4.83305,-2.02526,
-5.03066,-1.46017,
-3.75496,-1.66296,
-4.97782,-1.6167,
-3.86766,-1.37693,
-4.96491,-1.67965,
-3.80823,-1.52074,
-4.87925,-1.90878,
-4.8767,-1.91623,
-4.90852,-1.82967,
-4.95652,-1.67373,
-4.97408,-1.61519,
-5.14872,-0.927145,
-5.06998,-1.30226,
-4.98232,-1.60215,
-5.08531,-1.24507,
-5.06653,-1.32395,
-4.92627,-1.77736,
-5.12878,-1.04744,
-5.09848,-1.1904,
-4.96963,-1.66217,
-5.06893,-1.31335,
-4.65065,-2.42968,
-4.81295,-2.07809,
-4.66943,-2.39601,
-5.02578,-1.47441,
-4.95992,-1.69293,
-5.02203,-1.46821,
-3.83035,-1.46675,
-5.05003,-1.38211,
-3.86019,-1.40063,
-4.68819,-2.36012,
-4.7971,-2.12062,
-3.87078,-1.35922,
-3.79247,-1.56449,
-3.91224,-1.28411,
-5.00616,-1.54473,
-4.78369,-2.12906,
-4.61455,-2.50745,
-4.89552,-1.87188,
-3.86469,-1.39177,
-3.83816,-1.43682,
-4.55291,-2.62235,
-4.78149,-2.1543,
-5.09846,-1.16416,
-5.09658,-1.14598,
-4.76536,-2.19184,
-4.9214,-1.78974,
-4.77769,-2.15944,
-3.83128,-1.48374,
-4.74059,-2.23484,
-5.04675,-1.39827,
-4.72937,-2.2728,
-3.88774,-1.34163,
-4.96178,-1.6546,
-3.90086,-1.26014,
-5.13596,-1.00248,
-5.05469,-1.33068,
-3.86923,-1.4197,
-4.89329,-1.86507,
-3.92057,-1.24693,
-4.88937,-1.8828,
-4.95699,-1.69855,
-5.03506,-1.44135,
-4.97174,-1.63002,
-5.03715,-1.42144,
-5.09233,-1.21385,
-4.98432,-1.60814,
-4.71698,-2.28152,
-5.09876,-1.1894,
-3.87034,-1.36096,
-1.97854,-4.9525,
-5.0276,-1.44409,
-5.0143,-1.49747,
-4.9318,-1.7601,
-4.99742,-1.55105,
-5.23618,-0.229575,
-4.91525,-1.8056,
-4.87014,-1.92766,
-4.85628,-1.95221,
-5.04603,-1.39713,
-4.84122,-2.00901,
-5.13756,-1.00317,
-4.97445,-1.62425,
-4.68211,-2.37257,
-4.93761,-1.75995,
-3.87057,-1.3467,
-2.5129,-1.91738,
-3.68776,-1.69213,
-3.82833,-1.2903,
-2.208,0.054163,
-3.76902,-1.47498,
-1.97135,-1.65015,
-3.86776,-1.2078,
-3.73911,-1.55806,
-3.29203,-1.25088,
-3.84279,-1.25513,
-3.71639,-1.61529,
-3.30298,-1.22376,
-3.782,-1.46786,
-3.85932,-1.21424,
-3.84791,-1.23648,
-3.72062,-1.60339,
-3.7243,-1.59277,
-3.77328,-1.44612,
-3.7831,-1.41477,
-3.79145,-1.40592,
-3.70968,-1.63374,
-3.81385,-1.3408,
-3.89005,-1.13569,
-3.87807,-1.26136,
-3.75708,-1.49346,
-3.74982,-1.53231,
-3.69145,-1.68231,
-3.74824,-1.51892,
-3.86147,-1.2086,
-3.74514,-1.53373,
-3.82955,-1.2888,
-3.67001,-1.74897,
-3.7972,-1.38925,
-3.76334,-1.53194,
-3.81638,-1.32032,
-3.76729,-1.46154,
-3.73585,-1.56791,
-3.84925,-1.2399,
-3.7014,-1.6555,
0.0429987,-0.509203,
-0.488263,0.414383,
-0.264789,0.588583,
-0.949104,0.0606649,
-0.844708,-0.277735,
-0.700055,-0.309432,
-0.0845093,0.590272,
-0.599451,-0.354509,
0.259669,-0.301671,
0.239685,-0.720321,
0.0477564,-0.106498,
0.312444,-0.21206,
0.748191,0.347802,
0.0895248,0.707125,
-0.21642,0.7793,
-0.0291258,-0.708672,
0.336594,-0.37731,
-0.469284,0.338367,
0.215373,-0.423784,
0.775052,0.0530732,
0.641679,0.410706,
0.0436349,-0.568488,
-0.970833,-0.0178351,
-0.0790722,-0.746825,
-0.748991,0.312557,
0.682891,0.380783,
-0.190537,-0.510039,
-0.333873,0.763501,
-0.743015,-0.218526,
0.639061,0.391811,
-0.282538,0.677312,
-0.646099,0.0240582,
-0.008113,0.87638,
-0.442913,-0.503625,
0.786874,-0.0946027,
-0.0226611,-0.747012,
0.0756422,0.384809,
-0.506912,-0.373977,
-0.532775,0.12185,
0.255221,0.0972074,
0.310579,-0.756423,
0.243132,0.122847,
-0.801564,0.18058,
-0.133118,-0.648096,
-0.901257,0.00253321,
0.0354675,-0.348368,
0.238971,-0.445755,
0.0523465,-0.561057,
-0.568792,-0.319775,
-0.940721,-0.112576,
-0.381657,0.272973,
-0.471441,0.183702,
0.382727,-0.355273,
0.152663,0.551186,
-0.277417,-0.673845,
0.757645,0.405291,
-0.0722665,0.411302,
-0.098533,-0.152672,
0.246001,-0.562084,
-0.921593,-0.129412,
0.324444,-0.261589,
0.00931468,-0.415993,
0.107535,0.563238,
-0.415101,0.521655,
-0.493698,0.261637,
-0.864046,0.242905,
0.783498,0.0264251,
-0.0586082,-0.611117,
-0.729117,0.306978,
0.09837,0.63901,
-0.162345,0.188281,
-0.104662,0.456833,
0.311448,-0.0774115,
-0.0651485,-0.556758,
-0.148548,-0.699468,
-0.610609,0.39209,
-0.023577,0.767847,
-0.159992,-0.31223,
-0.829576,0.221889,
-0.381864,-0.378775,
0.399453,-0.631743,
-0.845175,0.154094,
-0.253576,0.337481,
-0.807151,-0.282682,
-0.147529,0.0341084,
-0.351496,-0.41377,
-0.655308,-0.0382921,
-0.681156,-0.0126929,
0.000742421,-0.7218,
-0.052041,0.882908,
0.314982,-0.243507,
-0.512445,-0.500592,
0.137065,0.37989,
-0.523103,0.459066,
-1.00502,0.75311,
-0.116753,0.774432,
-0.61028,-0.382667,
-0.0480197,0.11388,
-0.264827,-0.566319,
-0.305452,-0.187331,
-0.107558,0.903835,
-0.132971,-0.0458529,
-0.901599,-0.191681,
-0.565951,0.193513,
-0.927611,-0.061776,
0.310769,-0.152108,
-0.103544,-0.711957,
-0.57427,0.0697654,
-0.15423,0.240135,
-0.127698,-0.647504,
-0.397455,0.150191,
-0.0396622,0.826595,
-0.546213,0.575792,
0.144535,-0.0717093,
0.238705,-0.188945,
-0.574423,0.37988,
0.23795,-0.752131,
0.864279,0.05514,
0.122026,-0.568096,
0.0710732,-0.301342,
0.236426,0.182818,
-0.399252,0.0690651,
0.277057,-0.494335,
0.161121,0.244952,
0.0804885,-0.70573,
-0.569986,-0.269747,
0.131705,0.720009,
-0.716303,-0.371667,
0.0300085,0.181789,
0.473689,-0.667859,
0.054511,-0.00103953,
-0.923901,0.105603,
0.690661,0.445786,
0.786998,0.246848,
-0.917826,0.0408238,
0.17898,0.41984,
0.0894543,-0.669458,
0.0350945,0.783214,
-0.170644,0.822174,
-0.534917,-0.432852,
-0.562305,-0.305582,
-0.292809,-0.517303,
-0.0223148,0.893992,
-0.393589,0.571369,
-0.328984,0.492305,
-0.72695,-0.10861,
-0.105503,0.785602,
-0.15892,-0.66965,
-0.759971,-0.222723,
0.0990228,-0.548939,
-0.356824,-0.632149,
-0.242329,-0.193875,
-0.0194269,0.410642,
0.0712014,0.0048827,
-0.878054,-0.224588,
0.133555,-0.18687,
0.0288618,0.481429,
0.0434107,0.859118,
0.132639,-0.165188,
-0.209487,0.822535,
-0.0110417,-0.0886034,
0.0662658,-0.632404,
-0.542696,-0.445406,
-0.224877,0.119676,
-0.101138,-0.52388,
-0.890559,-0.224669,
0.00557227,0.802023,
-0.678259,-0.329288,
-0.0695972,0.765159,
-0.195872,-0.688323,
0.241721,-0.333253,
-0.179199,-0.437275,
0.0934678,0.338621,
-0.182837,-0.52236,
0.731936,0.0791617,
0.338935,-0.300066,
-0.87217,0.0348873,
0.165574,0.477732,
0.797688,0.288805,
-0.0496781,-0.314915,
-0.266029,0.115781,
0.791555,0.448272,
-0.235078,0.0429448,
-0.414329,0.142248,
0.387174,-0.568466,
-0.54905,0.455434,
-0.138497,0.566099,
-0.138291,0.259461,
-0.881847,-0.138201,
-0.969911,-1.0735,
-0.0430227,-0.111389,
-0.255251,0.817811,
-0.804145,-0.856721,
-0.629559,-0.426713,
0.261952,-0.354971,
0.0382356,0.696392,
-0.72601,0.109058,
-0.907045,-0.169454,
-0.59647,0.478164,
0.338342,-0.756173,
-0.847811,0.22853,
0.186625,0.024282,
-0.930906,-0.73278,
0.0525987,-0.714221,
-0.225282,-0.404354,
-0.459715,0.0530841,
-0.0961645,-0.649424,
-0.378958,0.601879,
0.0889394,-0.4924,
0.192868,0.418841,
0.138165,0.516543,
-0.410435,0.115724,
-0.281428,-0.556554,
0.754637,0.0990004,
-0.234833,-0.300314,
-0.946321,-0.0434301,
-0.706966,-0.00941349,
0.156869,-0.779836,
0.786973,-0.0194942,
0.102963,0.479054,
-0.324471,0.60271,
-0.087557,0.114502,
-0.830392,-0.0924723,
-0.38574,0.670234,
-0.242208,0.557548,
0.0764666,0.654594,
0.424548,-0.619352,
-0.355461,0.479452,
-0.0508412,0.0860364,
-0.492756,0.0605682,
0.615444,0.391762,
-0.392736,-0.576894,
-0.0670219,-0.286078,
-0.352045,-0.3895,
-0.197329,0.494909,
-0.179491,0.731933,
-0.364486,0.265338,
-0.797288,-0.297455,
-0.938745,-0.0715846,
-0.445364,-0.218833,
0.0731732,-0.906173,
0.228679,-0.244784,
-0.099933,0.845542,
-0.829128,0.192416,
-0.880942,0.258613,
-0.86226,0.155522,
0.159731,-0.777,
0.350294,-0.392565,
0.0120066,0.789584,
-0.177279,-0.708858,
-0.174179,0.235876,
0.0393334,0.872622,
0.195626,-0.58523,
-0.416152,-0.0731871,
-0.108145,0.872465,
-0.067549,0.828172,
-0.246495,-0.628596,
-0.173292,0.216049,
-0.00289341,-0.653371,
0.361103,-0.714839,
-0.527004,-0.047778,
-0.460124,-0.567019,
-0.000539868,-0.609051,
0.0749452,-0.178924,
-0.077777,0.260301,
-0.765381,0.322446,
-0.17285,0.804473,
-0.380599,0.309935,
-0.237698,-0.482574,
0.357984,-0.597117,
0.26807,-0.554602,
0.0151358,0.72965,
0.108199,0.732098,
-0.826614,-0.0562705,
-0.111957,0.669798,
-0.196334,1.08773,
-0.0506598,0.204711,
0.739292,0.277953,
0.261437,-0.180217,
-0.418558,0.342132,
0.0787022,0.815683,
0.25368,0.0311747,
-0.912393,-0.768259,
0.80745,-0.141507,
-0.547531,-0.223257,
-0.111059,0.382035,
0.652958,0.539131,
0.130534,0.555158,
-0.317666,0.0422471,
-0.317899,0.121215,
0.0534565,0.78513,
-0.832932,-0.838073,
-0.705067,0.324626,
0.212917,-0.566448,
-0.60516,0.37517,
0.0295414,0.241194,
-0.0133046,-0.54383,
-0.94208,-0.727144,
-0.371472,-0.621717,
-0.723404,0.194486,
0.760438,0.390698,
0.781496,0.326769,
-0.0562039,0.0420222,
-0.295124,0.187746,
0.157228,0.573039,
0.131254,0.183894,
-0.859257,-0.237769,
-0.886935,0.158267,
0.0858268,-0.499791,
0.0222398,0.129834,
-0.315438,-0.659671,
-0.649998,0.0752214,
0.0806884,0.83366,
-0.400302,-0.218305,
0.782772,-0.000831852,
-0.273242,0.176612,
0.251709,0.0606877,
-0.603196,-0.407615,
0.0357649,0.208016,
-0.633908,0.260457,
-0.30712,0.627436,
0.76305,0.044541,
-0.949075,-0.051592,
-0.644188,-0.113941,
-0.136473,0.833108,
-0.713354,0.105147,
-0.0178033,0.212655,
0.258369,0.176447,
-0.199059,-0.699806,
-0.848456,0.0132219,
0.760197,0.0745436,
-0.581544,0.226543,
-0.833081,-0.20795,
-0.1184,0.529023,
-0.0468309,0.288025,
0.066556,-0.296434,
0.143878,0.452672,
-0.114637,0.78331,
-0.0730621,0.830725,
-0.0327756,-0.375051,
-0.822552,0.122821,
0.78968,-0.143031,
-0.174051,-0.0935881,
-0.835655,-0.257802,
-0.475046,-0.523441,
0.260277,-0.080727,
-0.286461,-0.188695,
-0.42702,-0.0582318,
-0.300184,-0.641901,
0.115252,-0.731945,
0.045355,0.620838,
-0.855398,-0.128364,
-0.123138,0.847859,
0.00774468,0.836107,
-0.285949,-0.0207342,
-0.902315,0.103922,
0.0179207,0.889909,
0.295013,-0.0523708,
-0.931194,-0.151675,
-0.192849,0.381272,
-0.239968,0.312589,
-0.167379,-0.398167,
-0.651017,-0.302776,
0.268242,-0.215135,
-0.823648,0.13715,
-0.0138139,-0.663656,
0.110453,0.770873,
0.20133,-0.496293,
-0.155898,-0.703991,
-0.252972,-0.555906,
-0.335223,0.724731,
-0.092702,0.331949,
0.32928,-0.591411,
-0.114604,0.314449,
-0.92675,-0.180771,
-0.579837,0.0693593,
-0.429987,-0.0622767,
0.257874,-0.53052,
-0.828715,-0.819277,
-0.71715,-0.134901,
-0.39928,-0.608869,
0.0486972,-0.518691,
-0.410618,-0.401563,
-0.681837,-0.248676,
-0.0951437,0.49313,
-0.265703,-0.567517,
0.227031,-0.528316,
-0.687678,0.413234,
0.102364,-0.628948,
-0.723059,0.0701464,
-0.0124936,-0.464661,
-0.64795,0.114278,
-0.0379023,0.120857,
0.754361,0.34683,
-0.0172831,-0.132634,
-0.10963,0.271819,
-0.181004,-0.418135,
-0.357997,-0.277931,
-0.33182,-0.612822,
0.0483338,0.833493,
0.322323,-0.145483,
0.117585,0.722967,
-0.0992587,-0.31481,
-0.842344,0.0855715,
0.810803,-0.119326,
0.209843,-0.463406,
-0.108624,0.154002,
0.248671,-0.0723628,
-0.842077,0.0950418,
-0.412576,0.0147714,
-0.51193,0.522039,
-0.871658,-0.795068,
-0.869495,-0.167603,
0.214223,-0.625985,
-0.613687,-0.400782,
0.292023,-0.0421583,
0.654581,0.516079,
0.814822,-0.151084,
-0.791297,-0.136791,
-0.659459,-0.296303,
-0.271004,-0.515012,
-0.946936,-0.716185,
0.0161325,-0.769804,
-0.772593,0.247834,
0.796781,-0.158005,
-0.838513,-0.110064,
-0.220157,-0.382534,
-0.579863,0.119525,
0.273387,-0.614351,
-0.597932,-0.469613,
0.279861,-0.434515,
0.726629,0.438777,
-0.886624,-0.795903,
0.0166375,0.206901,
-0.313795,0.239704,
-0.392403,0.162535,
0.169782,-0.797721,
-0.787737,-0.192246,
0.731364,0.24983,
-0.341959,0.0883251,
-0.710773,0.0604678,
0.115643,0.664794,
0.727677,0.138506,
-0.261194,0.381702,
-0.329554,0.466898,
-0.258957,0.216817,
0.0139634,0.864352,
0.28535,-0.695654,
-0.173594,0.32679,
-0.3307,-0.363416,
-0.951212,-0.108569,
-0.500571,-0.294958,
-0.771923,-0.0397627,
0.291975,-0.736857,
-0.0431177,-0.487247,
-0.154557,0.462437,
0.598065,0.379611,
0.0762373,0.825336,
-0.544714,-0.498,
-0.818929,-0.146101,
-0.472199,-0.463956,
0.39724,-0.685789,
0.792554,-0.181686,
-0.587964,0.210461,
-0.852123,-0.801943,
0.72812,0.370772,
0.266916,-0.348103,
0.157713,-0.38141,
0.274664,-0.0325263,
-0.0815826,0.63251,
-0.726867,-0.140288,
-0.269294,-0.01091,
-0.47505,-0.546,
0.643772,0.589049,
-0.489333,0.223961,
0.0152607,0.590891,
-0.923311,-0.0515572,
0.136954,-0.620396,
0.810827,-0.162995,
-0.625897,-0.0215614,
0.606558,0.434445,
-0.0790943,0.0677656,
-0.421101,-0.501922,
-0.148645,0.581968,
-0.498543,0.314913,
-0.702297,-0.320603,
0.249534,-0.0277327,
-0.493828,-0.541722,
-0.451449,0.658979,
-0.0442229,0.677247,
-0.953645,-0.135181,
-0.244832,0.809557,
0.0519011,0.115812,
-0.0872119,-0.227618,
-0.225663,0.171818,
-0.230533,0.227935,
0.236245,-0.0475823,
0.137131,-0.231509,
0.222542,0.279847,
-0.36491,0.681192,
0.249624,-0.587395,
0.115041,-0.805069,
-0.655971,0.31022,
-0.294863,0.174972,
0.362731,-0.242188,
-0.863618,-0.189774,
-0.24585,0.462284,
0.164528,-0.486996,
0.148299,-0.0862245,
-0.989883,0.7474,
-0.250518,-0.621598,
0.131022,0.441368,
0.778614,0.00665875,
-0.00406005,0.0532323,
-0.858096,-0.819387,
0.0805015,-0.436642,
-0.135062,0.646048,
-0.627214,0.276602,
-0.198731,0.775839,
0.097094,0.558667,
-0.403538,-0.0768676,
0.144897,0.665681,
0.278947,-0.158621,
-1.00238,0.739037,
-0.800959,-0.747549,
-0.854216,-0.817927,
0.368383,-0.486227,
0.119207,0.323372,
-0.16533,0.779523,
0.795193,-0.0458848,
0.153077,0.234957,
0.353244,-0.666569,
-0.724968,-0.140095,
0.227965,0.125459,
-0.957782,0.0415753,
-0.255737,0.15254,
0.166301,0.14257,
-0.753976,-0.36512,
-0.202503,-0.551653,
0.287343,-0.644601,
-0.668334,-0.187412,
-0.605528,-0.14031,
-0.487014,-0.413781,
-0.82316,-0.0927645,
0.7249,0.496543,
-0.776711,-0.235431,
0.125881,0.661903,
-0.425732,-0.576969,
-0.380598,-0.519745,
-0.871862,-0.185482,
0.788134,-0.0464211,
-0.217843,0.310373,
-0.131828,-0.396677,
-0.512382,0.282496,
-1.01122,0.73613,
0.11132,0.513345,
0.195354,-0.105894,
-0.326337,-0.563383,
0.245634,-0.205632,
-0.521264,-0.512124,
-0.47287,0.112932,
-0.638835,0.238075,
0.710011,0.518409,
-0.0996769,-0.375451,
-0.433425,-0.192112,
-0.0764374,-0.396273,
-0.670896,0.0880878,
-0.529619,0.532655,
-0.266893,-0.656549,
1.15893,0.440406,
-0.575369,-0.482054,
-0.460694,0.307042,
-0.529595,0.499573,
0.130997,-0.340708,
-0.12682,-0.163411,
-0.237369,0.172363,
-0.0156055,0.442519,
0.176637,-0.741756,
-0.941686,0.0787734,
0.182838,-0.510674,
-0.324205,0.741508,
0.157306,-0.0373673,
-0.888105,-0.0398888,
-0.105459,-0.434393,
-0.413793,0.464883,
-0.426539,0.602342,
-0.199205,0.643076,
0.692221,0.338844,
-0.160363,0.744608,
0.679214,0.526203,
-0.755571,0.350427,
0.373135,-0.686291,
-0.43066,0.218054,
0.0674166,0.736751,
0.253909,0.172124,
-0.274788,0.0590899,
0.0436915,0.364698,
-0.775736,-0.26276,
-0.849567,-0.818251,
-0.256023,-0.490097,
0.232037,0.132569,
-0.48033,-0.414458,
-0.063155,-0.689942,
-0.00662105,0.860318,
-0.228472,-0.588739,
-0.653593,0.400664,
0.0110877,-0.358292,
-0.393328,-0.493006,
-0.742869,-0.140464,
-0.985393,0.760825,
0.214956,0.303783,
-0.773352,-0.0597872,
0.184668,0.15985,
0.62656,0.474961,
0.314116,-0.105224,
-0.843261,-0.809003,
0.799045,-0.0761848,
0.664799,0.556356,
0.343504,-0.734406,
0.155937,-0.655563,
-0.337625,0.132602,
-0.494483,-0.33255,
-0.876718,-0.801029,
0.0544202,0.502507,
-0.164727,-0.0233885,
0.102998,0.790251,
0.64806,0.37258,
0.709726,0.433135,
0.134499,0.0640511,
-0.474067,0.465443,
-0.371572,0.459552,
-0.951377,0.0329845,
-0.448609,-0.155376,
0.308443,-0.553505,
-0.471307,0.0414174,
-0.881551,0.0125616,
-0.755279,0.136958,
-0.10487,0.717342,
-0.143541,1.09294,
0.040584,0.472515,
0.756449,-0.0942299,
-0.795526,-0.852821,
-0.561959,-0.115074,
-0.581878,-0.00905867,
0.751366,0.279831,
-0.196773,0.687913,
-0.38024,-0.233932,
0.0726488,-0.794857,
-0.0603244,-0.444171,
0.805685,-0.146601,
-0.967687,-0.0531506,
-0.453101,0.216461,
-0.720961,-0.209394,
0.770846,0.0109241,
-0.0138534,0.621941,
-0.139853,0.166392,
0.105149,-0.108751,
-0.816779,-0.824422,
-0.134543,0.241449,
-0.889115,-0.773748,
-0.460481,0.54079,
-0.111413,-0.0184519,
-0.945899,-0.129525,
-0.240005,0.12446,
-0.227338,-0.690898,
0.174175,0.111933,
-0.637004,0.44528,
-0.316337,-0.0446084,
-0.559126,0.536362,
0.39421,-0.555381,
-0.0268488,0.817907,
-0.861387,-0.808711,
-0.30496,-0.5748,
0.0931624,-0.311388,
-0.0763156,0.350416,
0.0843627,0.357567,
-0.0239544,-0.263266,
0.0202402,-0.353511,
0.807763,-0.166484,
-0.711379,0.329612,
-0.095946,-0.404167,
1.17781,0.462916,
-0.0221986,-0.563945,
-0.691664,-0.410023,
-0.366278,-0.141783,
-0.690785,0.396029,
-0.399513,-0.425321,
-0.273132,-0.364651,
-0.10976,0.0302858,
-0.121709,-0.480132,
0.0541012,0.865504,
-0.524634,-0.337344,
-0.869465,-0.80906,
-0.222245,0.149703,
0.655421,0.499607,
-0.637589,0.111156,
-0.272056,-0.452372,
-0.913934,-0.750209,
-0.918107,0.0051173,
0.293127,-0.295658,
-0.103103,-0.32584,
-0.164936,0.258301,
-0.234429,-0.0438136,
0.130339,0.641946,
0.0328524,0.190636,
-0.280476,-0.566904,
-0.040096,0.857067,
-0.352968,0.164483,
-0.077086,-0.0462171,
-0.596036,0.0861706,
0.291934,-0.719685,
0.33254,-0.360985,
-0.272349,0.344141,
-0.0643905,-0.138987,
-0.329242,0.218747,
0.102877,-0.546536,
-0.372536,0.248352,
-0.215272,0.0899564,
-0.180012,-0.067992,
0.206804,-0.204887,
0.437029,-0.5869,
0.657586,0.435795,
0.813024,0.38329,
-0.207806,0.197277,
-0.0243226,-0.191261,
0.624178,0.373203,
-0.329721,0.23453,
-0.107022,0.346359,
-0.845773,0.0564732,
0.332439,-0.61619,
0.75134,0.387998,
-0.769378,-0.327469,
-0.036231,-0.408656,
0.272245,-0.229176,
0.326808,-0.468674,
0.375539,-0.607832,
-0.327184,0.422045,
0.13287,-0.405044,
0.0852274,-0.339669,
-0.309632,-0.483551,
0.128622,0.251222,
-0.246168,0.47831,
0.310934,-0.545478,
-0.245179,0.550725,
-0.0498635,-0.662631,
-0.764197,0.298445,
-1.01769,0.735946,
0.0158139,0.327278,
-0.214617,-0.250145,
0.421904,-0.615622,
-0.485485,0.551172,
0.134939,-0.357911,
-0.248277,0.67715,
0.0332493,0.638356,
0.0813313,-0.599182,
-0.783492,-0.311519,
-0.561365,-0.065587,
-0.0231611,-0.0146995,
0.3343,-0.631235,
-0.590276,-0.279135,
-1.01124,0.728695,
-0.603263,0.4678,
-0.460483,0.404453,
-0.358523,-0.174551,
0.380678,-0.41269,
-0.0969327,-0.579711,
-0.36514,0.114571,
0.602257,0.374529,
-0.0759845,-0.703553,
-0.228405,0.0665234,
-0.145499,1.09017,
-0.875902,0.0605756,
-0.473461,0.153069,
-0.190355,0.269514,
-0.0476618,0.816882,
0.235207,-0.66421,
-0.869061,0.0904183,
0.373691,-0.726158,
-0.291705,0.776127,
-0.219229,0.354942,
-0.284192,-0.66545,
0.276141,-0.755221,
-0.904503,0.181998,
0.377063,-0.660734,
-0.210448,-0.509539,
-0.367152,-0.545974,
-0.0516326,-0.741916,
-0.128511,0.0923341,
-0.824088,1.0998,
-0.261905,-0.0998216,
-0.796643,0.143581,
0.053539,-0.890605,
0.709127,0.10432,
-0.282177,-0.0355965,
0.043062,-0.661266,
-0.69327,0.186269,
0.799327,-0.136683,
-0.738593,-0.359218,
0.389776,-0.302925,
-0.31204,-0.545201,
-0.227078,0.705404,
0.783054,0.3531,
-0.907178,-0.155457,
-0.540679,-0.311106,
-0.884009,-0.0719902,
-0.709844,0.435278,
0.763534,0.434185,
-0.791154,0.0651447,
0.0781598,0.589974,
-0.8523,-0.820361,
0.182177,-0.664106,
-0.278332,0.193572,
-0.54151,-0.513857,
-0.759731,-0.0333886,
0.0454187,0.685802,
0.333677,-0.315727,
-0.302963,0.375825,
-0.962195,0.00332386,
-0.323624,0.165903,
-0.609289,-0.261424,
-0.159688,0.459426,
-0.291838,0.259977,
1.15064,0.455313,
-0.825077,-0.844589,
0.125109,0.0258991,
-0.480707,0.0197137,
-0.688979,0.183894,
-0.0663751,0.564401,
0.105049,-0.138132,
-0.751439,0.215494,
-1.02002,0.726961,
-0.638082,0.31203,
0.0332877,-0.395331,
-0.0593986,-0.273924,
-0.150639,0.0486623,
-0.541915,-0.475762,
0.0632149,-0.733746,
-0.595542,-0.363418,
-0.128802,0.548432,
-0.358194,-0.0512488,
-0.282818,0.104146,
-0.379202,0.378764,
-0.378251,-0.543984,
-0.376454,0.645994,
0.792987,-0.0555896,
-0.541935,0.0768777,
-0.122349,-0.566556,
-0.00476841,0.614721,
0.411818,-0.517828,
0.76697,0.126663,
-0.303375,0.119681,
-0.0746975,0.778313,
-0.211682,-0.645189,
-0.930667,-0.00514624,
-0.100111,0.288292,
0.0673707,-0.730065,
-0.441591,0.0750558,
0.0101782,-0.0089856,
-0.622985,0.10905,
-0.662177,-0.419396,
-0.140772,0.814566,
-0.16211,0.192536,
-0.992287,0.749978,
-0.481494,0.586085,
-0.0142685,-0.639978,
-0.311568,0.309164,
-0.234047,-0.681982,
0.19559,-0.776218,
-0.320554,0.622483,
-0.533287,0.442242,
0.320666,-0.058125,
0.263089,-0.803876,
-0.0952214,0.0915124,
0.712955,0.52859,
-0.426573,0.468677,
-0.25978,0.69343,
-0.149953,-0.143769,
-0.235855,-0.682566,
-0.197355,0.629417,
0.282776,-0.383233,
0.331263,-0.339849,
0.834773,-0.10953,
0.791429,-0.031917,
-0.665649,-0.322217,
0.712421,0.54139,
-0.559585,-0.41407,
0.702614,0.427722,
0.0785188,-0.552103,
-0.326423,0.66338,
-0.784861,-0.223554,
0.134283,-0.547102,
-0.298701,0.66235,
0.301469,-0.280205,
-0.533008,0.0453673,
0.317802,-0.664333,
-0.118549,-0.0279085,
-0.475973,0.625964,
-0.199146,0.0422699,
0.302785,-0.464088,
-0.547177,0.137551,
-0.402738,0.39772,
0.0901035,0.767351,
0.188085,-0.194431,
-0.311253,0.0990185,
-0.18539,0.080916,
0.272392,0.0927134,
-0.788614,0.269855,
-0.855222,-0.823698,
-0.248449,0.169797,
-0.801529,-0.197174,
-0.892036,-0.775086,
0.0418468,0.558857,
0.782159,0.0926763,
-0.511494,0.0511472,
-0.47127,-0.0547876,
-0.0601089,0.504267,
0.178194,-0.658108,
-0.0541886,-0.0600019,
-0.0286476,0.872398,
-0.826505,0.186885,
-0.38715,0.0503508,
0.738897,0.496573,
0.0755709,0.682239,
0.0836639,0.234939,
0.0129075,-0.67547,
-0.691244,-0.214934,
-0.942151,0.0554207,
-0.41153,0.182597,
0.232127,-0.568298,
-0.889717,-0.776825,
-0.0311399,0.194298,
-0.263475,0.103827,
0.131993,-0.71144,
-0.220765,-0.391312,
0.168396,0.519359,
-0.0295202,0.719255,
-0.42047,0.510394,
-0.310211,0.180847,
-0.90409,0.151336,
0.599805,0.456001,
0.743334,0.452304,
-0.321615,-0.39007,
-0.0749817,0.866118,
-0.381409,0.113678,
-0.907767,0.119408,
-0.00616791,0.539644,
-0.0913188,0.0469366,
-0.180971,-0.291052,
0.255144,-0.74821,
-0.402058,-0.115922,
0.688782,0.519192,
-0.822686,-0.833053,
0.0341169,-0.730516,
-0.221764,0.297352,
0.273193,-0.0735319,
-0.805654,0.0452399,
0.732599,0.479413,
0.196373,0.400293,
-0.963608,-0.0844432,
0.106169,0.573962,
-0.244385,0.75985,
-0.0382751,-0.28409,
-0.415727,0.608499,
0.164476,-0.157162,
-0.926176,0.0887353,
0.0751097,0.230894,
-0.188659,0.565062,
0.712788,0.485039,
-0.0515627,-0.0731553,
-0.691442,-0.380567,
-0.818711,-0.840574,
-0.301802,-0.0643223,
-0.071572,0.195943,
-0.817154,-0.25989,
-0.419636,-0.3837,
-0.0566183,-0.597116,
-0.023295,0.524494,
-0.401208,-0.419363,
0.279601,-0.117586,
0.217826,-0.67415,
-0.681959,0.244987,
-0.348508,-0.220628,
0.21184,-0.77251,
-0.333714,0.184242,
-0.159184,0.707331,
0.306259,-0.213427,
0.311462,-0.760449,
0.665524,0.593541,
-0.802507,-0.161024,
-0.601232,-0.350854,
-0.217025,0.3914,
-0.297693,-0.631724,
-0.241298,0.178477,
-0.622271,0.449186,
0.0923348,-0.601033,
-0.549571,0.315415,
-0.706364,-0.35701,
0.196972,-0.392675,
0.191042,-0.0687602,
0.199859,-0.201577,
-0.258803,0.743142,
0.261057,-0.773772,
-0.430397,0.315563,
-0.110585,-0.541453,
-0.630489,-0.345236,
0.0298831,0.710276,
-0.339747,0.0179324,
-0.61012,-0.328265,
-0.210352,0.70751,
-0.345646,0.685959,
-0.458548,-0.510594,
-0.113929,-0.717366,
0.197433,-0.268045,
0.736634,0.423465,
-0.0470071,0.750804,
0.710302,0.504822,
1.78195,0.559383,
2.44032,0.160705,
3.08727,0.225996,
3.15749,-0.0891991,
2.32842,0.406089,
3.02154,0.961819,
2.98457,0.936635,
2.73065,1.47392,
2.27237,0.594833,
3.09704,0.44977,
2.69481,1.68478,
2.76892,1.35036,
2.78029,1.58958,
2.90503,1.20026,
2.15256,0.936885,
3.07772,0.17999,
3.10274,0.100615,
2.93955,1.14727,
3.11677,-0.196161,
3.08718,0.12395,
2.17031,0.690505,
3.18446,0.252522,
2.60462,1.79423,
3.09799,0.313985,
3.11671,-0.118663,
2.81529,1.50764,
2.97335,0.96565,
2.49069,1.50567,
2.30863,0.443244,
2.35772,0.712757,
2.76507,1.50954,
2.97112,1.00177,
3.10848,0.198417,
2.13932,0.843512,
3.00394,0.890587,
2.33858,0.4392,
2.28698,0.516206,
2.64825,1.75623,
3.16197,-0.132056,
2.5319,1.48507,
2.72029,1.60163,
2.91712,1.19327,
2.31454,0.504613,
2.158,0.842772,
3.17872,0.416512,
3.08532,0.151699,
3.10053,0.150954,
2.29412,0.745198,
3.15309,0.414391,
3.17667,-0.0870628,
2.96789,1.01249,
2.84437,1.32575,
2.73085,1.42627,
3.16587,0.303877,
2.9391,1.11149,
2.0329,-0.371068,
2.65237,1.63505,
2.51028,1.883,
3.03458,0.298624,
3.01857,0.944835,
2.89444,0.433854,
2.44115,1.66362,
3.17211,0.0879623,
3.16087,0.17347,
2.40999,1.73841,
2.73331,1.65345,
3.14207,-0.143832,
2.9289,1.12773,
3.09542,0.316933,
3.05133,0.457105,
2.75351,1.57778,
2.94385,1.03182,
2.94293,1.06642,
2.98294,0.83929,
3.05663,0.737923,
2.64141,1.56484,
3.13086,-0.0785899,
3.08418,0.614271,
3.11435,-0.154368,
2.90737,0.364502,
3.14592,-0.103239,
2.96186,1.03093,
2.39669,0.307144,
2.89719,0.449068,
2.61756,1.81295,
3.06734,0.738565,
2.86087,0.610287,
2.75496,1.46991,
2.79179,1.44397,
2.90564,0.372331,
2.38812,0.352866,
2.2428,0.962273,
2.86883,0.581001,
3.05274,0.870603,
2.62728,1.64202,
2.16259,0.853685,
3.17847,0.388167,
2.40794,1.74117,
2.30465,0.462462,
3.10592,0.290264,
3.14018,0.50573,
2.80325,1.51703,
2.68667,1.7106,
3.133,-0.229399,
3.11783,0.0303646,
2.52637,1.88463,
2.88469,0.504998,
2.86258,1.40872,
2.90897,1.12561,
2.92153,1.31595,
2.59346,1.68805,
3.13865,0.0509085,
2.44063,1.66859,
3.12616,0.269527,
2.31815,0.685011,
2.62915,1.27429,
2.28535,0.525498,
3.07995,0.0242768,
2.98791,0.96897,
2.20549,1.05913,
2.12084,0.917706,
3.01243,0.865724,
2.7035,1.70008,
3.13134,-0.0244745,
2.82704,1.45202,
2.94859,1.11863,
2.10121,1.02509,
2.20405,0.718331,
3.0374,0.742524,
2.66199,1.74589,
2.07555,1.03689,
3.02358,0.869297,
2.88267,1.37371,
2.931,1.06446,
3.06299,0.755751,
2.34989,0.593468,
2.54095,1.81417,
3.15893,0.154921,
3.10576,-0.00625579,
3.15569,-0.178604,
2.29799,0.512269,
2.36368,0.474259,
2.16417,0.794554,
3.08749,0.584949,
3.08825,0.656194,
2.65834,1.52114,
3.09559,0.616062,
3.01635,0.931071,
2.8664,1.27189,
3.12985,0.572806,
2.41602,0.370469,
3.06177,0.803735,
2.94614,1.08041,
2.46289,0.150495,
3.1653,0.0506716,
2.83416,1.41993,
2.11388,0.937644,
2.97113,0.89975,
3.1342,-0.178328,
2.13897,0.834873,
2.1659,0.785729,
2.99462,0.977317,
2.93611,1.10381,
2.76017,1.36031,
3.13907,-0.167914,
2.89542,1.20935,
3.00968,0.874045,
2.82345,1.5132,
2.81546,1.49882,
2.17235,0.786387,
3.1401,-0.0392332,
2.98862,1.07871,
3.07088,0.901621,
2.59532,1.74108,
2.96065,1.12792,
2.27322,0.606919,
2.946,1.04812,
2.76416,1.58211,
2.96819,0.987399,
3.14915,0.434205,
3.11972,0.198122,
2.93803,1.10109,
2.57186,1.84273,
3.00074,1.01699,
3.1298,0.278444,
3.09344,0.183189,
3.06355,0.699027,
3.13224,0.239478,
2.80274,1.54522,
2.42094,0.302556,
2.10974,0.925596,
2.99372,0.938808,
3.00731,0.99038,
3.16672,-0.101631,
2.56248,1.86499,
3.13618,0.147097,
3.02624,0.819394,
2.97249,1.10149,
3.06393,0.395096,
2.15079,0.856789,
3.04905,0.93055,
2.66014,1.7533,
3.16776,0.345687,
2.86683,1.25396,
2.50211,1.52979,
2.13233,0.911309,
3.03389,0.846053,
3.18192,0.262942,
2.71446,1.65017,
2.98239,0.877263,
2.90396,1.19406,
2.96354,1.04984,
2.9879,0.911407,
2.27102,0.613532,
2.71783,1.58069,
2.14459,0.810577,
2.20107,0.76741,
2.78039,1.52048,
2.60513,1.80682,
2.92739,1.12089,
2.35107,0.366276,
2.14276,0.905718,
2.34032,0.539545,
2.08904,1.09363,
3.09517,0.561863,
2.25577,0.924343,
2.13865,0.959521,
2.99532,0.968116,
2.95189,1.01591,
2.72203,1.55425,
2.93081,1.0533,
2.16337,0.743413,
2.32047,0.400023,
2.64927,1.61988,
3.10632,-0.105417,
3.12176,0.532633,
2.26645,0.603362,
2.28123,0.541339,
2.99048,0.891986,
2.31393,0.432438,
3.12508,-0.200165,
2.16331,0.745058,
2.96761,1.08133,
2.41541,0.222805,
3.12438,-0.120922,
2.42761,1.69004,
3.17239,-0.0153824,
2.67944,1.55967,
2.81087,1.47788,
3.02333,0.495126,
3.14745,-0.0224958,
2.21174,1.04884,
2.90398,1.26809,
2.95653,1.1118,
2.88387,1.39284,
2.54699,1.86302,
2.58422,1.84572,
2.29183,0.493925,
3.15947,-0.00154071,
2.44474,1.66638,
2.98124,1.04083,
2.67067,1.67193,
2.10491,0.971714,
3.11082,-0.201465,
2.32204,0.509244,
3.11157,-0.0486637,
3.13389,-0.23608,
2.9968,1.14257,
2.13533,0.802822,
2.67731,1.70413,
3.1815,0.180556,
2.19828,0.738795,
2.9291,1.10017,
2.41679,0.181317,
3.13889,0.485981,
2.13022,0.856179,
3.00903,0.962786,
2.11688,0.978744,
3.04484,0.804176,
2.32108,0.592967,
3.08463,0.121425,
2.56552,1.81366,
2.32074,0.594445,
2.51127,1.90229,
2.27915,0.550931,
3.15519,0.452599,
2.34449,0.316758,
2.18835,0.71627,
3.01087,1.01026,
2.98893,0.933215,
2.69333,1.52872,
2.08612,0.981132,
3.18084,-0.0426291,
2.67134,1.66573,
2.98359,0.977942,
3.18133,0.153136,
3.10352,0.47709,
2.6563,1.611,
2.85206,1.28112,
2.83933,1.38342,
3.03337,0.873947,
3.08437,0.678322,
2.72774,1.58889,
2.4099,0.271176,
3.07117,0.879874,
3.17992,0.349978,
2.99049,0.928134,
2.82917,1.48407,
3.03559,0.870071,
2.63357,1.62147,
3.06685,0.346769,
2.09099,1.00882,
2.12552,0.885786,
2.90672,0.350115,
2.66328,1.56201,
3.18187,0.058658,
3.1484,0.113676,
3.02981,0.810539,
2.62646,1.7964,
3.11322,-0.0941936,
2.67833,1.46197,
2.94889,0.970538,
3.13791,0.430597,
2.73202,1.37934,
3.14121,0.072048,
3.07001,0.701696,
3.16962,-0.114774,
2.35841,0.284382,
2.97089,0.975262,
2.28704,0.556005,
2.68784,1.53808,
2.67954,1.47001,
2.9689,1.02416,
3.18802,0.0749727,
2.31886,0.437547,
2.18837,0.649718,
2.72007,1.64027,
2.57538,1.73852,
2.14683,0.760292,
3.18095,0.377073,
3.13971,0.180769,
2.91086,1.14455,
2.19098,0.671179,
2.57286,1.82528,
3.16431,0.471368,
2.99693,1.0459,
2.82205,1.38695,
2.69536,1.43627,
2.56176,1.80548,
3.06085,0.736653,
2.54958,1.83935,
3.16832,-0.0397738,
2.05798,1.10951,
2.62095,1.78227,
2.43614,0.829361,
2.06278,1.08443,
2.09947,1.00617,
2.67664,1.73951,
3.10758,1.02108,
3.00787,0.945625,
3.09011,-0.0260636,
2.34664,0.517162,
3.07493,0.254109,
3.03208,0.843305,
3.04816,0.770088,
2.77672,1.55352,
2.91345,1.1016,
2.1537,0.91843,
2.73339,1.37909,
3.18754,0.0334162,
2.30146,0.549097,
2.15261,0.823771,
2.44456,1.66975,
2.28076,0.803827,
3.12536,-0.0935352,
2.82186,1.35806,
2.74264,1.59733,
2.1621,0.806072,
2.97163,1.04601,
2.61118,1.75635,
2.16826,0.751028,
2.24113,0.931357,
2.3196,0.472862,
2.17468,1.13002,
3.12551,0.362334,
3.10135,0.286943,
2.43981,0.172753,
3.05538,0.766254,
3.09518,0.75195,
3.14798,-0.196719,
2.19087,0.780613,
3.12952,0.471213,
3.03452,0.248285,
2.62128,1.68986,
2.87137,1.24845,
2.944,1.14942,
3.04858,0.829578,
2.95792,1.00135,
3.13387,0.301592,
3.11729,0.535787,
3.11829,0.204474,
2.75988,1.48465,
3.1719,0.259511,
2.37014,0.378885,
3.01165,1.21863,
3.16645,0.217434,
2.71176,1.53546,
2.14668,0.781189,
3.14815,-0.119454,
3.1846,0.342658,
3.12909,0.33299,
3.03134,0.908423,
2.93318,1.07623,
2.41852,0.26998,
2.95422,1.06524,
2.174,0.890954,
2.29364,0.594518,
3.07007,0.600645,
2.3914,0.251197,
2.97815,0.962652,
2.33822,0.529591,
2.30259,0.571624,
2.87797,1.19077,
2.77691,1.50197,
2.14064,0.846342,
2.40029,1.76277,
2.35024,0.478833,
3.05667,0.823776,
2.95748,1.05943,
2.62244,1.73916,
2.6507,1.68284,
2.25297,0.746066,
2.33728,0.448294,
2.646,1.58687,
3.10856,0.356305,
2.38563,0.752666,
3.02715,0.937841,
2.70363,1.66166,
3.11195,0.0829861,
2.30594,0.625977,
2.99978,1.01849,
3.10578,0.686382,
2.97027,0.994568,
2.43408,0.19519,
2.9804,0.998354,
3.12873,-0.204454,
2.74172,1.64268,
2.96671,1.12553,
3.18735,0.122213,
3.12917,0.028214,
2.80666,1.44809,
3.01972,0.895849,
2.88497,0.528345,
3.08648,0.333477,
2.56497,1.76004,
2.70511,1.45694,
2.33497,0.359292,
2.99963,0.897597,
2.97525,1.04009,
3.15633,0.389038,
2.31104,0.610639,
3.16943,0.445793,
3.03874,0.906533,
2.79739,1.55559,
3.01191,0.918277,
2.38892,0.376423,
2.45243,1.64003,
3.07314,0.234123,
2.71711,1.68342,
3.01085,0.970054,
3.19139,0.0931605,
3.15912,0.296039,
2.19707,0.814352,
2.39472,0.305246,
3.05629,0.789874,
3.10148,0.267374,
2.53556,1.86476,
2.44418,0.18091,
3.06966,0.499575,
3.10648,0.438965,
3.07766,0.651561,
3.13582,0.561016,
2.25903,0.792611,
3.01448,0.830252,
3.03779,0.459047,
3.15597,0.13658,
2.16146,0.885202,
2.3022,0.639729,
2.7463,1.48036,
2.64025,1.71627,
3.15617,-0.152202,
3.15586,0.473121,
3.04623,0.916647,
2.67999,1.6882,
3.1036,0.42831,
2.95458,1.20833,
3.05504,0.849939,
3.00668,0.950266,
2.99045,0.941486,
3.14622,0.0133116,
3.11892,-0.0802495,
2.43764,0.165821,
2.95549,1.05481,
3.06437,0.0706001,
3.08297,-0.0256205,
2.09272,1.13369,
2.92062,1.21217,
2.32596,0.468047,
2.32658,0.581704,
2.51556,1.89365,
2.60008,1.82672,
3.04543,0.849255,
3.17547,-0.00816679,
3.08187,0.00682368,
3.12347,-0.166748,
2.76081,1.53411,
3.00764,0.891236,
2.82878,1.32726,
3.0134,1.01933,
2.55421,1.8652,
3.08595,0.3552,
2.91554,1.16797,
3.01887,0.438644,
2.63037,1.66883,
2.08154,1.02671,
2.92311,1.34634,
2.82235,0.991838,
3.14011,-0.209377,
2.63301,1.69683,
3.17695,-0.0622714,
3.18534,-0.000766957,
3.09892,-0.124091,
3.15998,-0.0251463,
2.08029,1.14343,
2.92683,1.13993,
2.41568,1.72564,
3.16188,0.234248,
2.71222,1.57538,
3.18056,0.0271507,
2.1436,0.839591,
3.15613,-0.148118,
2.63094,1.75615,
2.53164,1.84791,
3.17595,0.364063,
3.18188,0.114907,
2.57225,1.85756,
2.10412,1.06393,
2.40666,1.74252,
2.92399,1.0951,
2.1824,0.690039,
3.08344,0.663875,
2.12985,0.846372,
2.97062,1.00961,
2.38565,0.383821,
3.13146,-0.216348,
2.97507,1.11639,
2.37479,0.829497,
2.97741,1.07163,
2.53148,1.89332,
2.13121,0.885951,
2.09996,1.10684,
3.05953,0.0433084,
3.15502,0.0403725,
2.09636,0.97796,
2.74723,1.54738,
3.03619,1.04188,
2.8867,1.29844,
2.77579,1.27678,
3.10855,0.133716,
2.85505,1.4462,
3.03512,0.812361,
3.1918,0.0665436,
2.93703,1.18461,
3.04087,0.984317,
3.15029,-0.121432,
3.17783,-0.0996149,
2.5644,1.7849,
2.87714,1.25537,
2.84054,1.4507,
2.10979,0.937526,
3.01477,0.861317,
3.15437,0.522049,
2.87804,0.548496,
3.01984,1.03298,
2.2083,1.07831,
3.11908,-0.0796416,
2.11446,0.90085,
2.86347,1.3076,
2.99239,1.00098,
2.45178,0.257373,
2.0631,1.19556,
2.62714,1.73862,
2.98666,1.0919,
3.19158,0.272759,
2.87348,1.22143,
3.00868,0.9069,
2.08327,1.01388,
2.31762,0.488223,
2.11807,0.911484,
2.15982,0.821592,
2.30914,0.486844,
2.59032,1.80432,
3.1255,-0.157669,
2.65065,1.73182,
2.37239,0.36715,
3.19328,0.131656,
3.03406,0.543864,
2.20342,1.0517,
2.98495,1.04192,
3.03554,0.762498,
3.12791,0.365026,
3.17428,0.132719,
3.17109,0.335458,
2.60864,1.68009,
3.0056,0.826753,
2.51741,1.89117,
2.53581,1.87395,
2.04719,1.14234,
2.45838,0.162081,
3.08082,-0.0830757,
3.08023,0.690403,
2.10175,1.05558,
2.60536,1.76055,
3.16268,0.489921,
3.09649,0.572666,
2.71946,1.33467,
2.48179,1.57922,
2.92135,1.1623,
3.15638,0.419186,
2.5453,1.88134,
2.45563,0.713295,
2.24292,0.861213,
2.42308,0.219782,
2.52343,1.86955,
3.05539,0.755611,
2.08004,0.975662,
3.18627,0.316133,
2.98755,1.05455,
2.90034,1.15311,
2.90692,1.1231,
2.88727,1.24791,
3.03763,0.948266,
3.10551,0.778205,
2.27657,0.582599,
2.90115,1.20282,
2.81944,1.40959,
2.69929,1.67181,
2.99319,0.885278,
2.95974,0.944559,
2.89351,1.17714,
3.13065,-0.188164,
3.08194,0.713401,
3.01935,0.921225,
3.19379,0.234559,
3.10981,0.0349297,
2.32573,0.570103,
3.13968,0.10301,
3.14773,-0.222975,
2.58791,1.77614,
2.44226,1.63183,
3.08582,-0.0834714,
3.0066,0.841662,
2.92447,1.23234,
3.05992,0.697532,
2.79079,1.4526,
2.58884,1.78282,
3.02948,0.832267,
3.08237,0.743153,
3.16297,-0.0605732,
2.98192,1.2497,
2.28224,0.549216,
2.4557,1.63764,
3.15716,0.0705392,
3.0908,0.159994,
3.00054,0.926645,
2.77398,1.57728,
2.26438,0.66185,
2.0633,1.09421,
2.99602,0.979185,
2.90113,1.2658,
2.31225,0.634098,
3.02756,0.8862,
2.39528,0.389777,
2.65029,1.77592,
3.1551,-0.205591,
2.36245,0.448886,
2.16428,0.771266,
3.13884,0.578354,
2.93536,1.06847,
2.97331,0.947384,
2.95274,1.04537,
3.04711,0.298875,
2.96388,0.978824,
2.38463,0.508144,
3.08784,0.446847,
3.00356,0.978831,
2.3774,0.409907,
2.22488,0.99392,
2.66175,1.58217,
3.00689,0.854425,
3.11376,0.400722,
2.59391,1.75081,
2.79227,1.52764,
3.04098,0.82844,
2.30828,0.459139,
2.12372,0.921653,
3.17421,0.23876,
2.9006,1.171,
3.09112,0.336939,
2.75606,1.62462,
2.55427,1.82169,
3.06407,0.793284,
3.02984,0.874642,
3.02262,0.847389,
3.12143,0.390351,
2.72927,1.49562,
3.15581,0.166748,
2.16997,0.714401,
2.95526,1.02642,
3.08016,0.750929,
3.16288,-0.0766072,
3.09297,0.103853,
3.15808,0.576549,
2.38109,1.80336,
2.41767,1.72125,
2.68064,1.58148,
3.05019,0.872473,
3.08539,0.0846516,
2.88669,0.508082,
3.0941,-0.0541446,
2.2762,0.677137,
2.15989,0.718798,
2.72624,1.61596,
3.08586,0.0867432,
3.07721,0.83072,
2.90174,0.418786,
2.83342,1.39601,
2.14056,0.794171,
3.13975,-0.15758,
3.19246,0.186775,
2.74769,1.38444,
2.10578,0.898181,
3.04612,0.789597,
3.03301,0.924234,
3.17691,0.214425,
2.7186,1.49223,
2.76903,1.46873,
3.0943,0.209153,
2.42252,1.70999,
-1.7647,1.60768,
-1.75534,1.89489,
-2.05472,1.18876,
-1.11022,2.13263,
-1.73981,1.87363,
-1.03445,2.18096,
-1.98286,1.75023,
-1.88705,1.77862,
-1.42766,1.8407,
-1.46716,2.30261,
-2.08558,1.63419,
-1.94644,1.41984,
-1.87702,1.73044,
-1.78849,1.55697,
-1.97231,1.38252,
-1.1552,2.08695,
-1.6578,1.40152,
-0.824515,2.30366,
-1.29787,2.02811,
-0.965176,2.26245,
-1.54391,2.04697,
-1.68825,2.13042,
-1.68992,1.72193,
-1.97817,1.37103,
-0.896145,2.48689,
-2.07364,1.43926,
-2.08116,1.26692,
-1.96114,1.78109,
-1.65754,1.66066,
-1.55928,2.20174,
-1.75248,2.10569,
-1.52187,2.28238,
-0.700654,2.25173,
-1.18202,2.09077,
-2.11004,1.52231,
-0.913969,2.42601,
-2.0958,1.53145,
-1.49206,1.76314,
-1.14847,2.438,
-0.861369,2.4682,
-2.03118,1.31234,
-2.08912,1.45794,
-1.6021,2.21621,
-0.561302,2.31944,
-1.98268,1.42649,
-1.20725,2.22367,
-0.871877,2.06574,
-1.34606,2.25232,
-1.67509,2.15639,
-0.94461,2.48546,
-2.01316,1.30369,
-1.68575,1.9204,
-2.03454,1.43011,
-1.13276,2.47369,
-1.81722,1.94139,
-1.35592,1.97902,
-1.0706,2.20455,
-1.0966,2.35314,
-1.26197,2.06136,
-1.4838,2.11883,
-1.14154,2.45891,
-0.936138,2.50816,
-2.06363,1.62469,
-1.20658,1.95144,
-1.95221,1.20123,
-1.99737,1.72408,
-2.1348,1.16781,
-2.01882,1.42533,
-1.8785,1.4523,
-1.78337,1.8017,
-1.27609,2.30674,
-1.64345,2.19724,
-0.89934,2.37388,
-1.66805,1.51998,
-1.87979,1.89799,
-2.09588,1.60969,
-0.851428,2.34027,
-1.32277,2.09977,
-1.87606,1.80159,
-0.559684,2.32353,
-1.83989,1.46541,
-1.70258,1.66706,
-1.39081,2.18147,
-0.827839,2.40044,
-0.941027,2.33939,
-1.78174,2.01993,
-2.13683,1.38407,
-1.60603,1.82747,
-0.980798,2.27038,
-1.13077,2.11897,
-1.06612,2.34527,
-1.91593,1.24811,
-1.28495,2.19856,
-1.74181,1.58023,
-1.26339,2.00514,
-1.63281,2.00515,
-1.20837,2.05019,
-1.69144,2.02171,
-1.85891,1.94337,
-1.69072,1.47848,
-1.34565,2.2951,
-1.01167,2.4019,
-1.02431,2.2753,
-1.12531,1.80132,
-1.65367,1.92586,
-0.796903,2.41896,
-2.14868,1.13336,
-2.03257,1.21823,
-2.04165,1.67649,
-1.59192,2.01909,
-2.14503,1.27304,
-2.01792,1.28017,
-1.66725,1.66477,
-1.95183,1.87035,
-1.41092,1.74427,
-1.3153,2.40676,
-1.57552,1.71491,
-1.5715,1.79644,
-2.05786,1.53488,
-1.10128,2.25893,
-1.6458,1.74747,
-1.20876,2.04956,
-2.01497,1.40181,
-0.933494,2.41055,
-2.0156,1.23853,
-1.62365,1.68927,
-1.92609,1.49763,
-2.19143,1.2416,
-0.827922,2.41896,
-1.9418,1.85565,
-0.813116,2.46221,
-1.73069,2.12427,
-1.54048,1.86525,
-1.23387,2.36193,
-2.00098,1.53414,
-1.86926,1.41195,
-1.97666,1.45366,
-1.11934,2.47903,
-2.10595,1.58995,
-1.22461,2.03968,
-1.763,2.06709,
-1.57151,2.23924,
-1.69995,2.11155,
-1.04731,2.48016,
-2.1609,1.42706,
-1.27167,2.24766,
-2.07706,1.41563,
-1.79409,2.05807,
-1.18473,2.39563,
-1.71441,1.62118,
-1.87547,1.95736,
-2.05261,1.44676,
-0.880249,2.26013,
-0.117431,2.15326,
-1.55924,1.72673,
-0.812798,2.44579,
-1.28403,2.42061,
-1.78078,2.03098,
-2.04228,1.48004,
-1.94738,1.81269,
-1.98712,1.77804,
-0.723448,2.2085,
-1.38369,2.21729,
-1.04522,2.49569,
-1.9231,1.30499,
-0.757726,2.22576,
-1.34026,1.93699,
-1.51057,1.91124,
-2.0422,1.3764,
-0.876646,2.38985,
-0.909695,2.44828,
-1.90407,1.77912,
-1.529,1.8062,
-2.12102,1.53105,
-1.73889,1.73465,
-1.95722,1.72181,
-0.998356,2.45647,
-0.108019,2.14871,
-1.30359,2.03722,
-1.17721,2.33452,
-1.94403,1.74818,
-0.781532,2.47696,
-0.96507,2.39611,
-1.93505,1.62908,
-1.97662,1.29115,
-1.66178,2.10018,
-2.12296,1.4321,
-2.08576,1.21066,
-1.16102,2.09908,
-1.51763,2.14699,
-1.8257,1.97924,
-2.14853,1.38587,
-1.59461,1.93319,
-1.88951,1.6642,
-0.811014,2.4934,
-1.56974,2.21256,
-1.77601,2.07923,
-0.849487,2.43624,
-1.83024,1.94136,
-0.863434,2.51047,
-2.11209,1.12833,
-1.74605,1.58574,
-1.36099,2.04958,
-1.75968,1.52666,
-1.46101,2.26062,
-1.43422,1.83392,
-1.23048,2.11927,
-2.09454,1.29645,
-0.817209,2.12411,
-2.09218,1.19784,
-1.5656,2.15127,
-1.50447,1.76816,
-1.38469,2.02268,
-0.955627,2.30114,
-1.63479,1.92936,
-2.12757,1.22508,
-1.18603,2.10552,
-1.50317,2.28015,
-2.08877,1.4814,
-1.04986,2.23086,
-1.79652,1.7359,
-1.92371,1.88769,
-0.976232,1.93088,
-0.810288,2.48099,
-0.112316,2.14435,
-2.13227,1.1399,
-1.32433,2.24679,
-1.03966,2.44963,
-0.843222,2.43957,
-1.44442,1.88622,
-1.32522,2.32233,
-1.54533,1.63494,
-1.19705,2.45146,
-1.26197,2.1737,
-0.906069,2.49067,
-1.59249,1.99688,
-1.48168,2.01271,
-1.05498,2.46237,
-2.1846,1.20614,
-1.62708,2.1866,
-1.73187,1.71565,
-2.13399,1.12541,
-0.792053,2.37882,
-1.69985,1.82042,
-1.05602,2.18884,
-1.45581,1.8217,
-1.94621,1.35614,
-1.91114,1.64096,
-1.80833,1.46919,
-1.67936,1.59993,
-1.31587,1.98307,
-1.32763,1.9468,
-1.12347,2.15538,
-1.23991,2.28322,
-1.3948,1.97634,
-1.60199,1.69203,
-1.78829,2.00259,
-2.10324,1.2379,
-1.60528,1.67516,
-1.19207,2.11902,
-1.45788,2.21397,
-1.42636,2.35027,
-2.07402,1.15204,
-1.53384,2.09011,
-1.10033,2.16634,
-1.23229,2.4286,
-1.69156,1.60696,
-1.40172,1.94584,
-1.83907,1.48904,
-2.18181,1.23884,
-1.13873,2.27282,
-1.73977,2.00956,
-2.05278,1.65327,
-1.8635,1.89818,
-1.97667,1.80225,
-1.68457,1.76652,
-1.60502,1.8695,
-1.66386,2.03471,
-1.2471,2.14494,
-1.17739,2.13737,
-1.9042,1.41867,
-1.48247,2.29602,
-1.62119,1.71711,
-1.40092,1.91189,
-1.08849,2.28643,
-1.32609,2.16842,
-0.936565,2.43385,
-1.979,1.52311,
-2.13015,1.32165,
-1.42696,2.18776,
-1.48397,1.93908,
-2.18998,1.28124,
-1.46194,2.18216,
-0.957319,2.46366,
-1.89553,1.75198,
-1.39388,1.92671,
-1.17748,2.41742,
-1.84462,1.72279,
-1.98848,1.73848,
-1.73489,1.5448,
-1.39514,2.33466,
-0.996174,2.11888,
-2.15924,1.44209,
-1.04167,2.05598,
-0.887666,2.42906,
-1.36102,1.9397,
-1.79098,1.94058,
-0.780972,2.12499,
-1.4189,1.83458,
-1.84562,1.51787,
-0.77403,2.39809,
-0.854101,2.45968,
-1.50311,1.8574,
-0.991594,2.25409,
-0.778025,2.46397,
-1.77602,1.41887,
-1.62208,2.05741,
-1.70772,2.09574,
-0.680216,2.28737,
-1.07138,2.48619,
-2.01111,1.33841,
-1.23091,2.41083,
-1.61315,2.21314,
-1.99164,1.59777,
-1.72071,1.59379,
-1.39542,1.88402,
-2.01472,1.21007,
-1.69933,1.59854,
-1.61703,1.87844,
-2.06233,1.64585,
-1.01909,2.20962,
-1.54916,1.91866,
-1.42674,2.03514,
-1.06604,2.24371,
-1.94475,1.80119,
-1.03832,2.33955,
-0.939649,2.46897,
-1.8525,1.9969,
-1.96609,1.2504,
-1.32851,2.06013,
-1.86539,1.32185,
-1.46625,2.06267,
-0.109975,2.14895,
-1.84892,1.42129,
-1.6426,1.55735,
-1.00118,2.50861,
-2.05756,1.23971,
-2.09562,1.15201,
-1.45967,2.26763,
-1.93388,1.71038,
-1.58918,1.58891,
-1.55746,2.25607,
-2.07124,1.26417,
-1.96613,1.27345,
-2.17035,1.20788,
-1.82777,1.84618,
-1.00448,2.24227,
-1.56106,2.17169,
-1.29502,1.83543,
-0.731541,2.20699,
-1.33504,2.1767,
-1.34255,1.91342,
-1.35647,2.26015,
-1.14669,2.39987,
-1.88763,1.52533,
-1.14118,2.14564,
-1.63742,1.9684,
-1.82006,2.0235,
-1.60744,1.84899,
-2.17541,1.18382,
-0.951676,2.51425,
-1.88683,1.85007,
-1.17722,2.06484,
-1.74847,1.48456,
-1.39002,2.06854,
-1.88547,1.5871,
-1.97968,1.83098,
-1.64533,1.77512,
-0.850841,2.38332,
-1.40893,2.03021,
-2.0362,1.34117,
-1.59536,2.17816,
-2.11213,1.2043,
-1.98339,1.81187,
-2.17109,1.16542,
-1.99746,1.28867,
-1.4923,1.98463,
-0.811375,2.39956,
-1.87743,1.39001,
-2.11514,1.49276,
-1.30915,1.99449,
-1.77364,1.64961,
-2.14183,1.48597,
-1.32171,1.99962,
-2.04609,1.70818,
-1.58793,1.71252,
-1.76202,1.41564,
-1.6633,2.13959,
-1.91547,1.92306,
-1.82246,1.48345,
-1.04676,2.44994,
-1.07101,2.05339,
-2.16668,1.31377,
-1.08622,2.18074,
-1.03084,2.24981,
-1.31697,2.39226,
-2.14789,1.16377,
-2.07647,1.53118,
-1.00812,2.42299,
-1.09357,2.22284,
-2.14538,1.11763,
-1.60833,2.08252,
-1.52105,2.01722,
-1.96391,1.84912,
-2.07657,1.35818,
-1.14997,2.08351,
-1.52903,2.06115,
-1.17443,2.07582,
-1.69425,1.50544,
-1.83316,1.87301,
-0.985674,2.4317,
-1.49875,1.918,
-2.09005,1.59119,
-1.57323,1.76604,
-1.662,1.6807,
-1.6263,2.09217,
-1.23714,2.30565,
-0.79416,2.44335,
-1.94729,1.3475,
-1.43962,1.99257,
-2.11787,1.56391,
-2.1106,1.15357,
-1.27702,2.39381,
-2.14876,1.43567,
-1.26008,2.40996,
-1.2377,2.00344,
-1.91981,1.2874,
-1.02508,2.21693,
-2.06213,1.67542,
-1.00334,1.93435,
-1.00091,2.00913,
-1.28421,2.18001,
-1.3465,2.33679,
-1.45778,1.83653,
-1.33953,2.38834,
-1.47213,2.04544,
-0.931897,2.3106,
-1.03201,2.2029,
-2.03521,1.54265,
-0.826188,2.39638,
-0.775514,2.19597,
-2.14281,1.20479,
-1.3809,2.04824,
-1.32064,2.24485,
-1.80354,1.53986,
-1.29854,2.08315,
-1.18888,2.23044,
-1.82682,1.64604,
-1.33453,2.09764,
-1.59153,1.80963,
-1.74263,2.10394,
-1.35327,2.38291,
-1.94721,1.38442,
-0.872352,2.36438,
-0.920943,2.5129,
-1.86985,1.97527,
-0.780411,2.44837,
-2.16865,1.33103,
-1.96515,1.43317,
-1.01587,2.46505,
-1.65356,2.18676,
-1.25283,2.06996,
-2.15515,1.40344,
-0.903488,2.51501,
-1.73663,1.94199,
-1.65896,1.90024,
-1.8048,1.81807,
-1.84441,1.97389,
-1.81802,2.00587,
-1.72904,1.80482,
-1.75003,2.09224,
-1.11376,2.21938,
-0.79466,2.48096,
-1.10198,2.42232,
-1.73348,1.65654,
-1.18482,2.19347,
-1.08707,2.47273,
-1.21491,2.33229,
-1.25649,2.04323,
-1.76371,1.60121,
-1.54813,2.24102,
-1.30656,1.96228,
-2.10093,1.13097,
-1.62862,1.86023,
-2.15753,1.31061,
-1.35053,2.35932,
-2.12129,1.16661,
-1.43118,2.10975,
-2.02533,1.72678,
-1.86549,1.64044,
-2.13536,1.50254,
-1.3637,1.81312,
-1.0111,2.37396,
-0.919037,2.16843,
-0.894222,2.2118,
-1.5588,2.11034,
-1.17151,2.39723,
-1.88176,1.2629,
-1.30041,2.13656,
-1.87148,1.83482,
-1.25216,2.38048,
-1.49712,1.91874,
-0.132616,2.14967,
-1.1429,2.13651,
-0.893605,2.50736,
-2.03374,1.57093,
-1.7502,1.95918,
-1.89404,1.33671,
-1.23969,1.95301,
-2.18063,1.2901,
-1.39165,2.35607,
-1.56108,1.87334,
-1.1578,2.46885,
-1.89306,1.375,
-1.736,1.58262,
-0.701938,2.26666,
-1.49097,2.23769,
-1.73061,1.747,
-1.4139,2.3019,
-2.13799,1.36034,
-1.42981,2.20758,
-2.11051,1.35858,
-0.983365,2.36295,
-2.12673,1.19041,
-1.10525,2.16676,
-0.935508,2.36099,
-1.48179,2.30923,
-1.40867,2.05481,
-2.05714,1.20853,
-0.984884,2.48654,
-1.50195,1.79474,
-1.92694,1.85048,
-1.03912,2.35797,
-1.83588,1.61006,
-1.54052,1.61015,
-1.71374,1.82069,
-1.65886,2.0476,
-2.13399,1.28581,
-1.98365,1.56007,
-0.887086,2.46939,
-2.00846,1.63631,
-2.04237,1.20137,
-1.62353,2.07019,
-1.8321,1.78852,
-2.0468,1.25502,
-2.14839,1.47059,
-0.825648,2.49152,
-2.01582,1.76355,
-1.72058,2.01527,
-1.38773,2.11681,
-1.63319,2.14646,
-0.679732,2.26331,
-2.08213,1.38729,
-1.67821,1.81108,
-0.917424,2.37718,
-1.32982,1.92576,
-2.00052,1.79163,
-1.47593,2.15575,
-2.08143,1.57657,
-1.69807,2.15666,
-1.41863,2.29365,
-1.31058,1.98597,
-1.31269,1.85833,
-0.925394,2.34003,
-1.19816,2.43802,
-1.06685,2.39178,
-1.29721,2.31856,
-1.87977,1.5362,
-1.19518,2.18772,
-1.23267,2.18867,
-1.92234,1.84662,
-2.11145,1.30206,
-1.90245,1.7143,
-2.12573,1.45387,
-0.705191,2.20452,
-2.13068,1.33626,
-1.79711,1.53873,
-0.786207,2.17023,
-2.13659,1.4191,
-1.89889,1.47803,
-2.17464,1.36435,
-1.48375,1.92434,
-1.79206,1.84522,
-2.15624,1.20227,
-2.00222,1.48649,
-1.79514,1.88594,
-0.993186,2.31263,
-0.754748,2.18221,
-2.02664,1.26242,
-1.69507,2.0553,
-1.76672,1.6683,
-1.85749,1.85127,
-0.77061,2.14791,
-2.0052,1.51504,
-0.890419,2.07527,
-2.16911,1.25599,
-1.32256,2.14226,
-1.81428,2.04248,
-0.799574,2.46013,
-0.83359,2.49821,
-1.1091,2.47439,
-1.8498,1.67489,
-1.79126,1.96682,
-1.94963,1.34092,
-1.66588,2.11837,
-1.98454,1.62987,
-1.62028,1.8095,
-1.01583,1.89389,
-0.869107,2.33915,
-1.56805,1.83162,
-0.852284,2.48127,
-2.16374,1.13608,
-2.10322,1.14951,
-1.06687,2.16198,
-1.99476,1.64328,
-1.31951,2.32305,
-1.81833,1.64278,
-1.93347,1.33094,
-0.688917,2.27997,
-0.108129,2.13487,
-1.57958,1.87922,
-2.15645,1.36066,
-1.49424,2.06201,
-2.01522,1.31057,
-1.59909,1.6046,
-1.76114,1.78983,
-1.79067,1.52976,
-1.53685,2.09885,
-1.40757,2.14977,
-1.31358,2.37226,
-1.68881,1.97228,
-1.05802,2.28849,
-1.40275,2.26642,
-1.50997,1.67422,
-2.1831,1.31599,
-1.73304,2.04478,
-1.07117,2.4014,
-2.14063,1.14531,
-1.576,2.23377,
-2.11562,1.55554,
-1.01878,2.49242,
-1.52917,2.25606,
-1.77353,1.94082,
-1.13108,2.41787,
-2.00539,1.68241,
-1.75703,1.83931,
-1.55659,2.26666,
-1.14722,2.41525,
-1.80864,1.42699,
-1.54535,1.8367,
-1.80107,1.65315,
-1.18644,2.44376,
-2.17288,1.35083,
-1.34307,1.98432,
-2.05279,1.512,
-1.86758,1.9235,
-1.88081,1.73063,
-2.05279,1.29435,
-2.13024,1.25482,
-1.74322,1.64139,
-1.18479,1.94729,
-1.84684,1.49581,
-1.11545,2.45631,
-1.91518,1.89423,
-1.66534,1.72029,
-1.07901,2.47212,
-2.00949,1.6136,
-1.68136,2.16466,
-1.06568,2.17457,
-0.808664,2.3749,
-0.972983,2.36371,
-1.48208,2.11105,
-1.29066,2.3774,
-1.55203,1.87747,
-1.18606,2.22498,
-1.93799,1.67266,
-1.21436,2.09375,
-1.36702,1.90471,
-0.877543,2.48611,
-1.28214,1.95387,
-1.51508,1.89726,
-1.09353,2.40859,
-1.72059,1.79465,
-1.50592,2.2989,
-1.57764,1.71004,
-2.07057,1.46717,
-1.28144,2.38341,
-2.16005,1.18034,
-0.879206,2.43641,
-1.73561,1.69254,
-1.46777,1.5393,
-1.37593,2.00486,
-1.42035,1.9077,
-1.92826,1.3164,
-1.91087,1.59657,
-1.66004,1.56149,
-2.03222,1.64707,
-2.1325,1.52409,
-1.716,2.02915,
-0.961814,2.49771,
-2.13254,1.29619,
-0.857526,2.5037,
-2.09376,1.23533,
-1.60364,2.19481,
-1.44388,2.33589,
-1.41632,2.34692,
-1.24046,2.32361,
-1.64305,1.81211,
-0.876156,2.37179,
-1.45466,2.28413,
-1.25829,2.13826,
-2.14717,1.24956,
-1.89265,1.91993,
-1.13828,2.27802,
-0.737091,2.24528,
-0.979916,2.16692,
-1.50178,1.78511,
-1.00462,2.48136,
-1.36416,2.37448,
-1.95199,1.51539,
-1.19916,2.244,
-2.05618,1.56357,
-1.11995,2.38136,
-1.93541,1.57525,
-1.52595,2.1929,
-1.11644,2.13264,
-1.54068,1.88497,
-1.23906,2.43407,
-1.90399,1.42905,
-0.894685,2.33322,
-2.18266,1.26405,
-2.06672,1.60991,
-0.93139,2.29285,
-1.81796,1.36581,
-1.4184,2.32858,
-1.47133,1.74628,
-1.38188,2.37418,
-2.05676,1.70447,
-0.924902,2.20785,
-2.01637,1.1767,
-1.86308,1.46513,
-1.26924,1.88152,
-2.03143,1.74267,
-2.07678,1.1804,
-1.9473,1.61179,
-1.1197,2.26842,
-1.30178,2.05215,
-1.2109,2.43785,
-1.7795,1.63001,
-1.18974,2.27938,
-2.06858,1.50125,
-2.02382,1.20647,
-2.13108,1.39916,
-2.03648,1.6882,
-2.02548,1.71376,
-1.33942,2.00444,
-2.17778,1.22832,
-0.987965,2.4999,
-1.07216,2.49335,
-0.982422,2.41549,
-1.24632,2.36452,
-1.48598,2.18411,
-1.46605,1.99568,
-1.55095,1.82467,
-1.6609,1.90612,
-1.90737,1.91731,
-1.09482,-2.08252,
-1.55439,-2.99292,
-1.45554,-3.18828,
-1.67174,-1.82704,
-0.855048,-3.42087,
-1.33537,-3.14184,
-1.67334,-2.98161,
-1.68246,-3.04324,
-2.14463,-2.65069,
-1.17089,-3.26373,
-0.762533,-3.43758,
-1.86617,-2.79019,
-1.09951,-3.2039,
-2.04598,-2.71507,
-2.01758,-2.79347,
-1.32203,-3.18125,
-1.92848,-2.88376,
-0.0274449,-3.06453,
-1.00883,-3.29009,
-1.72972,-1.79669,
-0.739704,-3.41998,
-1.62609,-3.00741,
-1.43994,-3.1428,
-1.5009,-3.12217,
-0.895899,-3.39749,
-2.01478,-2.72203,
-1.46306,-3.09673,
-0.993437,-3.28344,
-1.10882,-3.30575,
-1.03042,-3.26353,
-1.81113,-2.92825,
-2.10202,-2.67252,
-1.86045,-2.83756,
-0.799505,-3.38583,
-2.08972,-2.66525,
-2.48426,-2.26029,
-1.90547,-2.86105,
-1.42569,-3.15693,
-1.50827,-3.03039,
-1.39996,-3.18445,
-0.519474,-3.47198,
-0.897479,-3.37025,
-1.72843,-2.91432,
-1.07597,-3.2254,
-2.19262,-2.59699,
-1.73861,-2.92753,
-1.99952,-2.75858,
-0.60987,-3.42576,
-1.5149,-3.08835,
-1.45351,-3.08818,
-0.0116559,-3.06945,
-1.37108,-3.10658,
-2.18965,-2.60643,
-0.608145,-3.45152,
-1.31453,-3.11601,
-2.12855,-2.65039,
-2.06758,-2.69725,
-1.36682,-3.22245,
-1.72727,-1.79966,
-0.904979,-3.31096,
-1.39378,-3.11834,
-0.73594,-3.39591,
-1.45055,-3.15693,
-1.14146,-3.26251,
-1.72205,-1.79889,
-0.620038,-3.45561,
-0.997118,-3.34054,
-0.715273,-3.42773,
-1.46225,-3.07991,
-1.59702,-3.01304,
-1.9483,-2.85445,
-1.83434,-2.86868,
-2.14035,-2.64122,
-1.54471,-3.10389,
-2.08989,-2.69211,
-2.23493,-2.55261,
-1.46738,-3.18465,
-0.874245,-3.32573,
-1.86198,-2.90449,
-1.5981,-3.07266,
-1.98403,-2.7178,
-1.57931,-2.99204,
-1.75008,-2.95288,
-1.98202,-2.76216,
-1.41117,-3.07514,
-1.64164,-2.97056,
-1.71249,-2.98752,
-0.820481,-3.3755,
-1.70382,-1.8046,
-0.893107,-3.34731,
-0.944462,-3.29942,
-1.39669,-3.11412,
-2.02391,-2.72271,
-1.64858,-3.03559,
-2.16045,-2.63248,
-1.90411,-2.84773,
-0.532996,-3.45859,
-1.2998,-3.20131,
-0.843485,-3.3633,
-0.823313,-3.42309,
-0.526256,-3.47884,
-1.24146,-3.23156,
-1.12572,-3.30461,
-1.74752,-1.77589,
-1.98146,-2.78456,
-1.41841,-3.1152,
-0.809575,-3.40225,
-0.715992,-3.44592,
-1.29435,-3.12026,
-1.24497,-3.26642,
-1.81152,-2.86956,
-1.66272,-3.04164,
-1.31552,-3.2325,
-1.68091,-1.81642,
-0.668785,-3.40353,
-1.97333,-2.79175,
-1.65478,-2.95897,
-1.26601,-3.21041,
-1.22458,-3.2334,
-1.77975,-1.74448,
-1.31968,-3.14259,
-1.67964,-2.9553,
-0.975567,-3.30519,
-0.723577,-3.45281,
-1.78808,-1.74093,
-1.65657,-2.99449,
-1.13596,-3.20578,
-2.03722,-2.7227,
-1.29358,-3.26657,
-1.0842,-3.26439,
-0.642953,-3.43731,
-1.14446,-3.22641,
-0.86663,-3.34711,
-2.17337,-2.6272,
-1.53729,-3.14087,
-2.63705,-2.0355,
-0.825705,-3.34745,
-1.02435,-3.3228,
-0.831145,-3.43061,
-1.35886,-3.10378,
-1.73202,-1.79256,
-2.11152,-2.65323,
-1.49657,-3.16486,
-1.90191,-2.88802,
-1.14001,-3.28667,
-1.70956,-3.02833,
-0.585649,-3.47066,
-2.08575,-2.67995,
-1.80301,-2.94738,
-1.85039,-2.79947,
-0.937849,-3.35492,
-2.04026,-2.76179,
-0.707755,-3.4588,
-0.998652,-3.30098,
-1.92651,-2.78877,
-1.79693,-1.73314,
-1.69287,-2.93841,
-2.19082,-2.59979,
-1.23528,-3.2717,
-1.45911,-3.03578,
-0.968634,-3.39517,
-0.863072,-3.3755,
-1.91864,-2.78709,
-1.21426,-3.28777,
-2.0095,-2.74038,
-0.562649,-3.45109,
-1.99645,-2.75968,
-1.75139,-2.86438,
-0.968382,-3.28129,
-0.778375,-3.44292,
-1.93696,-2.85394,
-1.05982,-3.27967,
-1.75403,-1.76355,
-0.889298,-3.38657,
-1.4952,-3.03277,
-1.28697,-3.15968,
-1.1712,-3.22771,
-1.9755,-2.81334,
-0.735624,-3.38939,
-1.69922,-3.01523,
-1.27937,-3.16124,
-0.88477,-3.30385,
-2.03381,-2.77819,
-1.63306,-3.0595,
-1.80319,-2.84652,
-1.20501,-3.23986,
-1.19275,-3.21591,
-1.96956,-2.78509,
-1.54532,-2.97691,
-1.3657,-3.20931,
-1.12164,-3.26004,
-1.23771,-3.20789,
-0.991579,-3.30718,
-1.68952,-2.98272,
-2.12818,-2.67007,
-0.65263,-3.46522,
-1.68807,-1.82944,
-1.48161,-3.12096,
-1.01506,-3.2759,
-1.34478,-3.1577,
-2.40124,-2.36873,
-1.29695,-3.25162,
-2.08296,-2.69472,
-0.83464,-3.34843,
-2.23257,-2.55908,
-1.51423,-3.04248,
-1.54726,-3.05883,
-0.674327,-3.40724,
-2.26844,-2.51964,
-1.71454,-2.96925,
-1.84233,-2.94131,
-1.24334,-3.18173,
-1.48422,-3.15605,
-1.34328,-3.25209,
-1.72992,-1.78539,
-0.78641,-3.41907,
-0.738834,-3.44784,
-0.963117,-3.31634,
-0.672625,-3.41817,
-1.117,-3.20436,
-1.67225,-3.01249,
-0.626207,-3.42722,
-1.04018,-3.35225,
-1.25226,-3.29115,
-0.526671,-3.47121,
-0.834543,-3.41185,
-1.29226,-3.24135,
-1.10209,-3.29091,
-1.64166,-3.0778,
-0.96643,-3.37391,
-1.75482,-2.86887,
-2.07322,-2.71382,
-0.659654,-3.45517,
-0.88711,-3.33004,
-0.588638,-3.46132,
-1.60445,-2.95979,
-0.533254,-3.47055,
-1.71668,-1.79778,
-2.06281,-2.70636,
-1.18534,-3.30363,
-1.71761,-1.80657,
-0.565604,-3.47309,
-2.0215,-2.7533,
-0.807935,-3.35265,
-1.09933,-3.33301,
-0.671609,-3.46158,
-1.97142,-2.73468,
-1.67769,-1.83828,
-1.72819,-2.94217,
-1.48074,-3.17876,
-0.819144,-3.34473,
-0.748337,-3.44552,
-2.22535,-2.56688,
-1.07273,-3.29821,
-0.585631,-3.47911,
-1.71035,-1.80161,
-1.44698,-3.04089,
-1.85455,-2.93185,
-0.693708,-3.39661,
-0.869261,-3.38871,
-1.82607,-2.82704,
-1.72002,-2.93632,
-1.32056,-3.26169,
-0.801507,-3.42882,
-1.74662,-2.96452,
-0.887683,-3.31917,
-2.20449,-2.58077,
-1.8021,-2.97802,
-0.626795,-3.42487,
-1.82771,-2.86228,
-1.05932,-3.27622,
-0.662089,-3.44122,
-0.684592,-3.46182,
-1.0577,-3.29884,
-1.52082,-3.05998,
-1.92582,-2.81628,
-0.657159,-3.42617,
-1.25695,-3.15763,
-1.9918,-2.74665,
-2.15033,-2.64596,
-0.634145,-3.47004,
-1.91843,-2.80442,
-2.15571,-2.63085,
-0.676454,-3.43268,
-1.69308,-1.81196,
-1.25685,-3.19613,
-0.0118918,-3.06858,
-0.946641,-3.38766,
-2.1324,-2.65587,
-0.578667,-3.44133,
-1.72695,-3.03001,
-1.0267,-3.30117,
-1.1423,-3.33561,
-1.4541,-3.13059,
-1.06127,-3.25987,
-1.35649,-3.2442,
-1.6749,-3.0638,
-1.83525,-2.80468,
-1.86712,-2.89487,
-1.33903,-3.171,
-1.71981,-2.903,
-1.87349,-2.82776,
-1.95526,-2.79434,
-0.953683,-3.30961,
-1.76008,-1.7568,
-1.68766,-3.04882,
-1.37793,-3.16589,
-1.11389,-3.33858,
-0.944329,-3.40166,
-2.09882,-2.70624,
-2.21067,-2.57645,
-2.0507,-2.76638,
-2.05013,-2.75137,
-1.71635,-1.78984,
-2.04348,-2.75126,
-1.62428,-3.00167,
-1.74969,-2.92234,
-0.601414,-3.46445,
-1.17402,-3.27938,
-1.6791,-1.83498,
-1.54717,-3.12467,
-1.92894,-2.78537,
-0.913666,-3.35952,
-2.16766,-2.61062,
-1.49525,-3.1129,
-1.031,-3.32647,
-0.702737,-3.40797,
-1.29082,-3.1794,
-1.24646,-3.28732,
-1.35712,-3.19038,
-1.19351,-3.2626,
-1.86026,-2.84932,
-0.694379,-3.4308,
-0.923293,-3.38979,
-1.74472,-3.0124,
-1.54403,-3.13751,
-0.919997,-3.37581,
-0.55649,-3.45872,
-1.43356,-3.18572,
-1.39187,-3.1947,
-2.20076,-2.59141,
-1.92619,-2.84087,
-0.613072,-3.41699,
-0.838314,-3.32978,
-1.43338,-3.20194,
-1.62275,-2.98002,
-1.05926,-3.34576,
-2.12965,-2.66354,
-0.578341,-3.44429,
-1.79601,-2.88762,
-1.12862,-3.32022,
-1.42202,-3.13526,
-1.97986,-2.83125,
-0.893317,-3.32416,
-0.928824,-3.35202,
-1.84769,-2.90316,
-1.30295,-3.14365,
-1.53081,-3.04911,
-0.880568,-3.41504,
-0.735673,-3.37702,
-1.74397,-1.77824,
-1.19609,-3.31207,
-1.28139,-3.26045,
-1.22605,-3.15721,
-1.41568,-3.21116,
-2.08679,-2.68576,
-1.20732,-3.20317,
-1.76514,-2.87943,
-1.02599,-3.37129,
-0.538917,-3.47634,
-2.07544,-2.73441,
-1.15152,-3.32771,
-0.977977,-3.34273,
-1.19921,-3.20394,
-1.21155,-3.30158,
-0.561256,-3.47676,
-1.59691,-3.10699,
-1.34134,-3.22295,
-2.08075,-2.68933,
-0.62397,-3.46798,
-1.59732,-2.98563,
-1.76156,-2.90458,
-2.0532,-2.7279,
-1.90202,-2.90546,
-1.82774,-2.88685,
-2.24453,-2.54236,
-1.61672,-3.04914,
-1.18917,-3.1787,
-1.26696,-3.18677,
-1.54987,-3.04991,
-0.815041,-3.43138,
-1.11445,-3.2227,
-1.65468,-2.9728,
-1.64223,-1.87632,
-1.45064,-3.05483,
-0.733593,-3.4086,
-0.707906,-3.38453,
-1.32912,-3.24209,
-1.6743,-2.95945,
-1.2268,-3.25737,
-0.579023,-3.45485,
-1.22512,-3.16777,
-1.77871,-2.98944,
-1.01019,-3.35618,
-2.16413,-2.59658,
-2.29643,-2.47662,
-1.62391,-3.08806,
-0.694089,-3.44566,
-1.50416,-3.06583,
-1.66567,-3.07287,
-1.59423,-3.0937,
-1.99835,-2.81092,
-0.549273,-3.46778,
-1.77037,-2.91801,
-1.70395,-1.81754,
-1.18031,-3.19082,
-2.12187,-2.68562,
-2.16393,-2.63513,
-1.85702,-2.8924,
-1.70925,-3.04711,
-1.74938,-3.00339,
-1.77415,-2.87029,
-1.78083,-2.97189,
-1.54099,-3.01184,
-0.0327222,-3.06366,
-0.780509,-3.40017,
-2.01045,-2.77378,
-2.11873,-2.67516,
-0.617082,-3.47292,
-0.924767,-3.3212,
-1.31431,-3.15514,
-1.09299,-3.30418,
-2.01656,-2.71681,
-1.04881,-3.26038,
-1.87512,-2.91922,
-1.77215,-1.74985,
-1.68375,-2.89823,
-1.7617,-2.98013,
-2.0657,-2.73841,
-0.997892,-3.37817,
-1.68138,-1.83162,
-1.62623,-3.09361,
-0.6755,-3.46856,
-1.56198,-3.0731,
-1.71505,-3.00603,
-1.80853,-2.96839,
-1.72612,-2.96357,
-1.66246,-2.92465,
-1.39375,-3.22751,
-1.75462,-1.76766,
-0.845714,-3.42387,
-2.01354,-2.71385,
-1.42294,-3.07383,
-1.74241,-3.02349,
-2.23104,-2.55437,
-0.843392,-3.38816,
-0.932582,-3.40295,
-0.905533,-3.41209,
-0.996053,-3.36563,
-1.58222,-3.02793,
-1.05004,-3.36922,
-0.95016,-3.34103,
-1.89374,-2.89859,
-1.91299,-2.80406,
-2.21395,-2.57849,
-1.47517,-3.05214,
-1.94412,-2.8057,
-1.07764,-3.33518,
-0.791021,-3.43064,
-1.37104,-3.1157,
-2.07736,-2.68344,
-1.05911,-3.35911,
-1.90029,-2.80986,
-0.543999,-3.47759,
-1.00632,-3.38256,
-0.986886,-3.35605,
-1.50056,-3.1023,
-0.771259,-3.41879,
-1.86213,-2.86486,
-1.5891,-3.11504,
-1.25522,-3.24288,
-1.15348,-3.24125,
-0.636866,-3.41993,
-1.59861,-3.05772,
-1.30169,-3.17947,
-1.27409,-3.2833,
-1.99762,-2.80097,
-0.778193,-3.36075,
-2.08083,-2.71844,
-1.38692,-3.09942,
-1.28362,-3.16548,
-2.10683,-2.6956,
-1.57155,-2.98729,
-2.12543,-2.63692,
-1.49566,-3.14377,
-1.83601,-2.9437,
-1.81258,-2.89941,
-0.769224,-3.39431,
-1.4076,-3.21646,
-1.12621,-3.34011,
-0.757653,-3.38975,
-2.12357,-2.61479,
-1.82039,-2.96042,
-1.7856,-2.92743,
-2.18253,-2.6125,
-0.598097,-3.47613,
-1.76842,-1.75766,
-1.58508,-3.04237,
-2.25549,-2.52986,
-1.17563,-3.31789,
-1.09973,-3.23835,
-1.7068,-1.81415,
-1.91333,-2.87097,
-0.773431,-3.37208,
-1.59163,-3.01883,
-1.83031,-2.95781,
-0.869969,-3.41679,
-1.98005,-2.82766,
-1.07856,-3.35747,
-0.617534,-3.43457,
-1.56453,-3.10483,
-1.38623,-3.2128,
-2.02114,-2.786,
-1.08849,-3.28591,
-0.0130149,-3.06745,
-1.70182,-1.80907,
-1.16155,-3.30598,
-1.89436,-2.83242,
-1.57036,-3.13342,
-1.38927,-3.08656,
-1.55419,-3.11267,
-1.0098,-3.24031,
-1.92603,-2.8093,
-0.703653,-3.42479,
-0.898847,-3.29157,
-0.65039,-3.41725,
-1.95921,-2.83537,
-2.08593,-2.72705,
-1.81192,-2.93419,
-1.38534,-3.13462,
-1.92663,-2.87445,
-1.52249,-3.15515,
-1.8602,-2.85723,
2.81733,-2.54316,
1.95746,4.62586,
3.7033,-3.28525,
2.58856,4.32364,
3.78771,-3.19895,
2.21773,4.51358,
2.89793,4.13495,
2.43037,4.40917,
2.85884,4.16062,
2.38292,3.04529,
2.84477,4.17025,
3.77932,-3.20662,
3.71437,-3.27634,
2.72905,4.24159,
3.70602,-3.28356,
3.67685,-3.31286,
3.69236,-3.29918,
3.76457,-3.22103,
2.53048,4.35364,
2.64571,4.29116,
-2.0383,4.61539,
0.995961,4.91218,
3.66688,-3.32439,
3.74615,-3.24331,
2.20318,4.51945,
-2.42982,4.42131,
3.41208,-3.56822,
4.81792,1.87676,
2.46252,4.39261,
3.75209,-3.23573,
3.11971,3.98448,
2.79247,-2.56815,
3.8453,-3.13433,
2.14678,4.54542,
3.78968,-3.19351,
-3.68999,3.35126,
0.764518,4.95261,
3.8003,-3.1823,
1.28242,4.8466,
2.31374,4.46715,
2.67803,4.27079,
-2.61044,4.31188,
3.92443,-3.04372,
3.75191,-3.23382,
3.04639,4.03648,
3.82835,-3.15256,
3.14317,3.96582,
3.72119,-3.26803,
1.86267,4.66387,
3.81269,-3.17067,
3.64863,-3.34001,
2.79076,-2.57167,
2.08182,4.57487,
1.97997,4.61777,
3.74023,-3.24975,
2.4914,4.37726,
2.78554,4.20779,
-3.8006,3.20457,
3.73363,-3.25379,
