-0.249374,0.0317927
-0.153348,0.15437
0.0425047,-0.0100635
-0.0748543,0.197981
0.16142,0.123302
-0.162946,0.179472
0.105251,0.00676748
-0.0980026,-0.242508
-0.204299,-0.067774
-0.176344,-0.167051
0.244263,-0.0271538
-0.190458,-0.247665
-0.245544,-0.0610599
0.0158315,0.0355922
0.050882,0.0535829
-0.166883,0.0815226
-0.0246055,-0.0739387
-0.22148,0.0538423
0.141659,0.151303
0.0099414,-0.0990249
0.187986,0.113338
0.22795,0.212859
0.0196768,-0.178831
-0.0189596,-0.132336
0.18112,-0.145199
0.139828,0.171827
0.248398,0.249847
0.0557497,-0.0537812
-0.116894,-0.10136
0.170072,-0.238128
-0.062067,-0.203688
0.0886029,-0.221892
-0.245605,0.209395
-0.112056,-0.113552
0.0439543,0.0955916
0.168806,0.113247
-0.00753044,-0.14732
0.121868,-0.0157704
-0.0210196,0.224578
0.122219,-0.19586
0.0495239,-0.0573824
0.117504,0.0544832
0.0362026,-0.0693304
-0.174223,-0.137448
-0.0374233,0.15144
0.00855282,0.244995
0.125774,-0.0772195
-0.16551,0.0786538
-0.00405133,-0.21823
0.0998794,0.00240332
-0.176252,0.224792
-0.179212,0.202559
0.0964461,-0.0984756
-0.0367214,-0.214812
0.233306,0.0915937
-0.173383,0.188627
0.16084,0.0410245
-0.154324,-0.161054
0.158597,-0.0123676
-0.172224,0.00196081
0.116008,-0.0472045
-0.11021,0.0343715
0.0911206,0.127926
0.110958,-0.0123524
-0.18849,-0.0660955
0.167341,-0.232452
0.00850704,0.081492
-0.0368893,-0.197661
0.22467,0.210692
0.0247734,-0.0770058
-0.0141377,-0.0625095
0.17349,-0.0915632
-0.0219504,-0.114055
0.241485,-0.1011
0.119594,0.033639
-0.152005,0.130657
0.169721,-0.0511719
0.000450134,0.195082
-0.236267,0.247314
0.0362941,-0.224746
0.0156636,-0.152966
0.171522,0.0633793
0.0788064,-0.151074
0.171079,-0.188337
-0.195036,0.121563
-0.092967,0.220534
-0.10696,-0.081843
-0.179868,0.116543
0.16731,0.103999
0.050119,0.123608
-0.123638,-0.177763
-0.249191,-0.219497
0.153119,0.176313
-0.144711,-0.192198
0.0266045,-0.242874
-0.193114,-0.0227439
0.12611,0.0930738
0.0217215,-0.213057
-0.0316401,-0.14903
0.0981094,-0.104823
-0.0316553,-0.133786
0.038934,0.0162893
0.0643407,-0.169904
0.00206763,0.231521
0.0978805,0.212401
-0.155026,-0.0820261
-0.160825,0.247589
-0.021279,0.249008
-0.201247,0.0625858
-0.202803,-0.0311365
0.215758,-0.225784
0.19731,-0.104991
-0.136349,0.134533
-0.0446409,-0.149014
0.0640355,0.0520722
-0.0241936,-0.0168233
0.0489135,0.067362
0.177396,0.164396
0.0623875,0.110454
0.0328761,-0.0624332
-0.157865,0.118954
0.0275658,0.202544
-0.128567,-0.15553
0.0523621,0.0992538
0.0423063,-0.0743507
-0.00276956,-0.209807
0.120373,0.0560243
0.0601901,0.0955611
0.152264,-0.175443
0.0380184,0.183866
0.205779,0.0573519
0.113842,-0.228393
0.0838878,0.238266
-0.092494,0.0346003
-0.097087,-0.163038
-0.195723,0.184523
0.175611,0.122158
-0.172559,-0.0865429
-0.210326,-0.211699
0.0704901,0.160001
0.0225455,-0.0258721
-0.0455107,-0.100627
-0.0172201,0.000602752
-0.173673,-0.0884808
0.118999,-0.0930586
0.163343,0.229537
0.186674,0.112514
-0.099971,0.221999
-0.186384,-0.217132
0.142483,0.0122913
0.0548189,0.228057
-0.213866,0.187819
0.0769295,-0.0889386
-0.1976,0.00252542
-0.136456,-0.104854
0.20999,0.0255821
0.0814005,-0.192732
-0.00373089,-0.0604343
-0.00159459,0.14668
0.00463119,-0.0588168
0.0940809,0.0160756
0.0531403,-0.0524079
-0.247055,0.103938
-0.19969,0.0615329
0.181623,-0.00424971
0.123669,-0.00154881
-0.059946,0.142682
0.0264061,-0.0714515
0.227859,0.0654241
-0.16171,-0.0628758
-0.184187,0.121639
0.22586,0.0559938
-0.236084,-0.085078
-0.222045,0.0696051
-0.184187,0.173536
0.182157,0.0484405
0.11082,0.176984
-0.24266,-0.186766
0.103954,0.0585726
-0.141217,-0.217025
-0.16554,0.0620518
-0.0795083,-0.0902966
-0.0662175,0.0805002
0.151196,0.153439
0.0132679,0.0555513
0.149091,0.200301
-0.177595,0.0650884
-0.0487915,-0.12315
-0.18173,0.177595
-0.216918,-0.0360958
0.0366756,-0.0988571
0.0240257,-0.137219
-0.0943251,-0.194685
0.154019,-0.182646
-0.107875,0.144055
0.197615,0.144818
0.121899,0.0576113
-0.0694372,0.178327
-0.135754,0.181791
-0.135281,-0.125225
0.0212027,0.242416
-0.223098,-0.209288
0.0123371,-0.0365993
-0.202666,-0.120602
0.195769,-0.133618
-0.176725,-0.187452
0.215819,-0.209944
-0.226455,-0.220641
-0.0817972,0.20735
-0.0506989,-0.0336085
0.223083,0.168592
0.0171133,0.171049
0.0967666,-0.0511567
-0.120418,-0.247833
0.0127949,0.227401
-0.0506531,-0.129452
0.0427793,-0.122433
0.0920057,0.22264
-0.0322504,0.195112
-0.246414,0.220489
0.0507752,0.143078
0.0383389,-0.178785
-0.138836,-0.0584964
-0.247864,-0.0410398
-0.208876,0.0799661
0.177549,-0.217574
0.15553,0.0810343
0.0957442,0.151349
0.0150685,0.0928144
-0.178617,0.0947523
0.113948,0.138867
-0.234466,0.184339
0.0722602,0.103282
-0.207274,0.0259942
0.223952,-0.220611
-0.112514,-0.177412
0.24089,0.0599917
-0.103877,0.211241
-0.0662328,0.0972701
-0.140683,-0.17204
-0.129727,0.0107196
0.20114,-0.196791
0.201323,-0.0291376
-0.209944,0.141049
-0.164106,0.237197
0.137936,0.185194
-0.144681,-0.021691
-0.248123,0.125317
-0.192976,-0.047647
-0.0944319,0.246307
-0.230712,-0.123959
-0.155362,-0.126156
-0.173246,0.0601596
0.192686,0.219543
-0.152173,0.139828
0.072779,0.0783792
0.204573,-0.0222709
0.210646,0.0820872
-0.174619,0.0681707
0.0347682,-0.0389798
0.221511,0.0202872
0.0392849,0.0182272
-0.122356,-0.0515229
-0.0748695,-0.231689
0.147626,-0.151746
-0.214858,-0.0552919
0.0453734,-0.214537
-0.151166,-0.172056
0.0721686,-0.0228355
0.0521485,0.098674
-0.0293512,0.0922346
-0.0517365,0.167859
0.0461058,-0.150204
0.224731,0.188002
-0.0541475,0.243728
-0.157346,0.197859
0.0372249,-0.0289697
0.0636692,0.104259
-0.225188,-0.107219
-0.1199,-0.0461821
0.197661,0.105098
0.114223,0.198027
-0.0532167,-0.051294
0.201933,-0.0956984
-0.0559481,0.035287
-0.0732215,0.116848
0.122677,0.118191
0.119716,-0.180342
-0.149915,-0.113704
0.0902203,0.205565
-0.0660802,0.00882748
-0.195311,0.203719
-0.148465,0.00898007
0.0774178,-0.0307398
0.0938215,-0.204787
-0.210219,-0.212111
-0.236099,-0.0724586
-0.0963851,0.0986435
-0.178663,-0.0525758
-0.216079,0.0878704
0.112468,-0.150647
0.0970107,0.0578555
0.0774483,0.0219962
-0.20085,0.0226829
-0.225188,0.237289
-0.017983,0.234985
0.113933,0.0154805
0.0899609,0.0964004
-0.0639439,-0.0556886
-0.225021,0.154889
-0.16522,-0.219588
-0.0947218,0.142239
-0.143765,-0.0890454
-0.00766778,-0.245422
-0.0300684,0.00392926
0.0529725,0.129269
-0.0494629,-0.0750984
0.171323,0.22116
0.061655,0.248642
-0.223266,0.0314264
0.181776,-0.0566195
-0.0967971,-0.107891
-0.236648,0.0562838
-0.0544069,-0.240692
-0.234481,-0.0221488
0.178968,0.218383
-0.0490509,0.113643
0.0557955,0.154187
0.187712,0.0412992
0.0475097,-0.210494
0.146588,-0.0188986
0.0453123,0.0447173
0.0346003,0.158032
0.086375,-0.0782113
-0.244888,-0.116344
-0.0792184,-0.133953
0.13551,-0.064127
0.184935,-0.191572
0.112789,0.0644627
0.196974,-0.15849
0.0177847,0.201003
0.140042,0.232604
-0.151318,0.200774
0.148709,0.226699
0.174406,0.195174
0.0643559,-0.15727
0.0584658,-0.117504
-0.124676,0.1161
0.144055,-0.164533
0.106945,-0.00952941
-0.209258,0.153272
0.177671,-0.187681
-0.096263,0.0366604
-0.0135121,0.131024
-0.154065,0.113887
0.247513,-0.242325
0.0738167,0.0958205
-0.162931,-0.213942
-0.112514,0.0883129
0.169462,0.0283288
-0.0643864,0.139752
-0.13374,0.0691168
-0.134167,-0.147702
0.235519,-0.109127
-0.238556,0.13461
-0.174085,-0.226516
-0.245376,-0.0757088
0.0719398,-0.0783792
-0.0427183,-0.0417417
-0.204665,0.0225913
0.0996353,-0.0810038
0.0787607,0.188124
0.0177389,0.0350124
-0.223006,-0.0171133
-0.120006,-0.0365993
0.181669,-0.00670645
-0.206282,0.0329066
0.104701,0.139233
0.182112,0.175275
-0.103496,0.182188
0.0724586,0.123424
0.164319,0.132809
0.185957,0.204161
0.206267,0.010979
-0.0299158,-0.196181
-0.0729926,0.161527
-0.0361415,-0.165082
-0.249573,0.0787301
0.136776,-0.218139
-0.205092,-0.0571688
0.0919446,0.153806
-0.172956,-0.178571
-0.225768,-0.0769295
-0.240722,0.239212
0.0738167,-0.223174
0.207076,0.0687353
-0.0341426,-0.239471
-0.128704,-0.0540254
0.0770058,0.140942
-0.238586,0.163022
-0.180784,0.0671331
0.0252007,0.241745
-0.0182882,-0.142605
-0.0996506,0.141079
-0.0787301,-0.00969726
0.0540101,-0.198744
0.242218,0.127911
-0.174558,-0.0217979
0.105815,0.249374
0.137753,0.0708258
0.0606021,0.223052
0.0940809,-0.105098
0.033578,-0.104808
0.0241173,0.106182
-0.126782,0.023339
-0.00368512,0.226028
0.0849101,0.13258
0.0616855,-0.0271233
0.14938,0.122768
0.244461,-0.147687
0.0647374,0.204909
0.0456481,0.209197
0.00276956,-0.00530259
-0.0251396,0.19467
0.220199,-0.158536
-0.12402,-0.148495
0.115246,0.220565
0.0625401,-0.229324
0.0706732,-0.232742
0.0281762,0.0222404
-0.0268334,-0.219314
0.248016,-0.186125
0.0504547,-0.224822
-0.163602,0.0801187
-0.0837809,-0.0920209
0.0767922,-0.0447325
-0.0362484,-0.139187
0.089259,-0.166776
-0.00122838,0.00382245
0.151364,-0.0324641
-0.247742,-0.080256
-0.0620518,-0.185713
0.163663,0.116649
0.19557,0.0716651
0.0752968,0.0072405
0.116985,0.118587
0.228545,-0.0170827
-0.0683691,-0.193907
0.20233,0.160611
-0.0226066,-0.195662
0.184721,0.130688
-0.230438,-0.0416654
0.218062,-0.216124
-0.16757,-0.14436
-0.191542,0.0455565
-0.190825,0.0591373
0.0400479,0.0951491
0.11578,0.207823
0.0848643,-0.100749
0.154431,-0.0609073
0.248749,0.136258
-0.147794,-0.164716
-0.0558718,-0.159391
0.0404904,-0.152188
0.230071,-0.154874
-0.0591372,-0.0980026
-0.189589,-0.150922
-0.226882,0.135586
0.13052,0.190519
-0.249115,-0.025689
-0.0368129,0.150769
-0.0193259,-0.00257118
0.124691,-0.130749
0.0297021,-0.203627
0.211013,0.196913
0.17851,-0.220183
-0.00455488,0.0660192
0.123608,0.128033
-0.122127,0.204955
0.145993,-0.150189
0.0264214,-0.22438
0.0110858,0.145184
0.102077,-0.237976
0.115871,0.0266808
0.207106,0.187773
0.148465,-0.0972854
-0.05253,-0.00905637
-0.223708,0.0759835
-0.249573,0.134289
0.128094,-0.140133
-0.17262,-0.221236
0.0853069,-0.233657
-0.0770669,0.0989334
0.149075,-0.0318689
0.24086,0.067774
-0.102351,-0.0115131
0.187178,-0.210356
-0.199507,-0.178388
-0.178495,0.208998
-0.0956374,-0.0630894
0.156919,-0.226684
0.157102,-0.130001
0.198943,-0.121746
-0.115322,-0.145993
-0.135311,0.173078
0.187422,0.193846
0.172391,0.0546358
-0.229553,-0.163236
-0.158124,-0.0720466
-0.0253685,-0.157468
0.197233,0.0615177
0.0231712,0.20584
0.0112995,0.115322
0.249664,0.234664
0.183714,0.170103
-0.176664,-0.0627995
-0.107814,-0.164518
0.236877,0.120907
0.108303,-0.234558
0.0725196,0.156354
0.117962,0.159085
-0.187681,0.109447
-0.0624638,0.0749153
0.207717,0.194838
-0.233917,0.136746
-0.0255669,-0.246216
-0.135693,-0.0407651
-0.171705,0.209517
0.000846893,-0.128567
0.127239,0.203261
-0.143262,-0.233947
0.135586,-0.135876
0.0282983,0.153195
0.176008,-0.0841929
0.0194632,0.245895
0.184675,0.0734352
-0.136135,0.1564
-0.064478,-0.0665532
-0.232513,0.0306482
-0.0510651,-0.190107
-0.0875347,0.199507
-0.149258,0.220092
-0.187468,0.174665
0.196974,-0.0272149
-0.138943,0.0673772
0.0300379,0.0620213
-0.038171,-0.24176
0.182066,-0.180189
-0.116298,-0.104015
0.0908307,0.0307245
0.229415,0.0536134
0.144116,-0.0386441
0.159192,0.119732
-0.182112,0.00826287
-0.239959,-0.246506
0.124157,-0.0830638
0.201064,-0.0188681
0.133953,-0.224746
0.0654851,-0.237915
0.0912122,0.234542
0.000221252,0.103191
-0.117031,0.161176
0.0733131,0.0486084
-0.118191,0.172117
-0.0199667,0.124081
-0.0741981,-0.242752
-0.0117267,0.063242
-0.048059,-0.0581912
-0.23619,-0.105586
0.0484253,0.191939
-0.0339137,0.215773
-0.0585116,0.0165639
-0.244964,0.237121
0.1826,-0.0312891
0.0998184,-0.0835215
0.0511719,-0.000724807
0.029809,-0.230499
-0.0608921,-0.13348
0.218673,0.179762
0.232055,0.0544069
0.0419858,-0.211776
-0.0464873,-0.0973464
-0.000709549,-0.209975
0.187391,-0.0978652
0.140759,0.216445
0.0442137,-0.141888
-0.110347,0.0303583
0.187208,-0.124966
-0.0992996,0.113567
0.183302,-0.134457
-0.154645,-0.0266045
0.195174,0.0371639
-0.235611,0.24762
-0.220382,0.059595
-0.121532,-0.165082
-0.191939,-0.134259
-0.00255592,0.229904
-0.225356,-0.210189
-0.0811716,-0.110134
0.00777459,-0.00472274
-0.0438627,0.212355
0.050531,-0.103923
-0.0121235,-0.049173
0.225661,0.0241783
0.167463,0.147214
0.15083,0.0464263
0.185041,-0.090968
0.219588,-0.116039
0.221664,0.109386
-0.186186,0.137448
-0.0135579,-0.162046
-0.236663,-0.229186
-0.0226066,0.18115
-0.181944,-0.242767
-0.143612,0.159268
0.148602,0.139828
0.0792489,-0.100627
0.140713,0.210753
0.171064,-0.128689
-0.000617996,-0.238495
-0.212142,-0.234558
-0.071894,0.107662
-0.0450987,-0.159787
-0.101039,-0.158948
0.122448,-0.18263
-0.220885,0.0128101
-0.0705664,0.153363
-0.170591,0.199934
-0.184095,-0.235382
-0.159284,0.15904
-0.125393,0.0353481
-0.0765481,0.0199667
0.0824534,0.185377
0.216262,0.22264
-0.197401,-0.173383
0.028985,0.150128
0.197569,-0.213744
0.186155,0.161206
-0.0558565,0.0243919
0.0859783,-0.0245292
-0.10931,0.224731
0.241073,0.114025
0.0474029,-0.113811
-0.184019,-0.151028
0.0502563,-0.00632496
-0.0723365,-0.135037
-0.0107807,0.0958968
0.224075,0.0855663
0.241287,-0.131237
0.00678274,-0.132092
0.199019,-0.00782037
-0.0867718,0.018746
0.0353938,-0.0817362
-0.0759224,-0.165387
-0.104915,-0.140362
0.211409,0.119839
0.1535,0.0752205
0.0933485,-0.114956
0.133435,-0.217788
0.110881,0.179533
-0.0792184,-0.227813
-0.00785089,-0.239608
0.169095,0.0592593
0.0202872,0.0520264
0.0343409,0.138684
0.0700171,0.0983688
0.129971,0.184004
-0.171003,-0.0382473
0.143231,-0.239288
-0.0308161,-0.228927
0.00315103,-0.115368
-0.215865,-0.127575
0.241028,0.00322732
0.0577639,-0.214492
-0.0662481,0.227767
0.180036,-0.0812632
-0.129055,-0.105235
-0.224517,0.246353
-0.16377,-0.215545
-0.139935,-0.0995438
0.143429,0.0748085
-0.208159,-0.118618
-0.181761,-0.141232
0.0312891,-0.160871
0.0661412,-0.196547
-0.0231407,0.129421
-0.0830943,-0.221297
-0.108745,0.097148
0.186628,0.0337916
0.184248,-0.209395
0.147702,0.249832
0.0674993,0.0594272
0.0473876,0.0465636
-0.152875,0.239441
-0.134243,-0.228851
-0.130474,-0.122433
-0.0465941,0.147473
-0.113765,0.200026
-0.0602817,0.113781
-0.146756,-0.223525
0.0522859,-0.0730079
-0.0693762,0.0840556
0.238021,-0.13818
0.19789,-0.0765175
0.22676,0.0825602
-0.149167,-0.108821
-0.0722755,0.0159993
-0.104503,-0.140011
-0.200194,-0.196638
0.104671,0.171903
0.0859325,0.159574
-0.247116,-0.004326
0.0523164,0.217666
-0.104686,0.0529115
0.123455,0.186918
0.206114,0.165052
0.0529572,-0.09756
0.142117,-0.17494
0.0213096,0.0945235
-0.0526826,0.246597
-0.199034,-0.0441984
-0.236282,0.0937147
-0.120556,-0.165494
-0.135678,-0.155499
0.181104,0.131649
-0.226196,-0.00838496
-0.221923,0.230621
-0.207503,0.0327387
0.231277,0.0369503
0.189329,-0.0456481
-0.0484252,-0.0432524
0.0792642,0.161679
0.222594,-0.10844
-0.248886,0.0581301
-0.22528,0.0780282
-0.0390255,0.227248
0.0519806,-0.149564
-0.0428098,-0.079722
0.0615635,0.154202
-0.247574,-0.197371
-0.0527894,-0.111568
-0.0916089,0.162122
0.176756,-0.0942335
-0.151166,0.032342
-0.0154653,0.247559
-0.0333796,-0.0657598
-0.0406125,-0.0575655
0.0402158,0.188871
-0.0812937,-0.0533082
0.225524,0.00457016
-0.0407041,0.0541475
0.138379,-0.208174
-0.174406,-0.146039
-0.206328,-0.0913648
-0.0140919,0.0645695
-0.0836131,-0.210341
0.0572604,-0.178587
-0.109645,0.162488
-0.0304651,0.247208
-0.139523,-0.196333
0.00949889,-0.117702
-0.246323,0.0381252
0.135281,-0.196242
0.234603,-0.0652867
0.201994,0.010857
-0.138668,-0.0986892
-0.0107654,-0.0946913
-0.0427946,0.132366
0.170804,-0.0554445
-0.0362636,0.112087
0.117458,-0.204299
-0.209136,0.126537
0.17349,0.0689032
-0.0701849,-0.0124897
-0.202803,-0.0423521
-0.15582,-0.0784402
0.206694,-0.135342
-0.0948439,-0.172864
-0.0792337,-0.158856
-0.113857,-0.147031
-0.16377,-0.0823618
-0.217284,0.000953704
0.231841,0.15463
-0.0267724,0.206496
-0.160367,-0.00904112
-0.0139546,0.09962
-0.125698,0.218352
-0.111278,-0.10023
0.161222,0.159818
0.064951,0.147534
-0.246399,-0.119518
-0.105235,0.226485
0.179731,0.00872067
0.103755,-0.121914
0.210524,-0.00437178
-0.20323,0.162992
-0.211654,-0.108684
-0.0580691,0.0716346
0.00754571,-0.0342341
-0.17964,0.237487
-0.212691,-0.247406
0.207396,-0.0441679
0.127667,-0.156171
-0.199141,-0.0384304
0.0889691,0.0137104
0.162107,0.168592
-0.114254,-0.000251785
0.185224,-0.175504
0.235397,0.0191885
-0.13966,-0.216628
-0.147687,-0.151135
-0.153546,-0.150235
0.228393,0.0467467
0.119396,-0.102809
0.0899152,0.143063
0.210662,0.214217
0.172163,-0.12051
-0.197279,-0.219054
0.201888,-0.17584
0.196379,-0.0702918
0.228347,-0.0592135
-0.0842692,0.0922803
0.19377,-0.059946
-0.0333644,0.0873211
-0.116451,-0.00858334
0.0139241,0.151028
0.147061,0.123165
-0.00666067,0.163892
0.029519,-0.110607
-0.0764107,-0.22293
0.205626,0.131451
-0.0657598,-0.108806
-0.144375,-0.0877178
-0.224929,0.190809
-0.125591,-0.0480895
-0.177564,0.187635
0.0540559,0.141827
-0.151578,-0.0241478
0.130886,-0.0333338
0.0682318,0.15228
-0.162778,-0.0886639
0.231597,0.104701
-0.151227,0.18144
-0.226348,0.121609
-0.231979,-0.184584
-0.208815,0.0263451
0.0344783,0.0165029
-0.140561,-0.211409
-0.0976974,-0.217772
-0.0443663,-0.183149
-0.124157,0.160321
0.00438702,-0.115642
0.243973,0.208266
-0.189131,-0.107784
0.103481,-0.0145344
-0.102626,-0.0776772
0.0125507,0.15556
0.00861385,-0.216338
0.164609,0.0271996
-0.19818,0.00478378
0.223342,0.111553
-0.013039,-0.0243461
0.209441,0.0244224
-0.067362,0.192183
0.0798593,-0.188734
0.00370038,-0.193785
-0.110103,0.0232322
0.145642,-0.0654088
0.17906,0.122173
-0.0180746,-0.0701697
-0.0289544,0.0429624
-0.0604801,0.0660192
0.0288018,-0.00870541
0.168332,-0.157147
-0.245148,-0.195372
-0.22969,-0.139111
-0.122021,-0.0448546
0.103801,-0.028634
-0.18347,0.0220267
0.178388,0.153317
-0.140866,0.211913
-0.093318,-0.178388
0.0534303,-0.244858
0.227783,0.0186239
-0.0565584,-0.243805
-0.131466,0.192854
0.0462279,-0.173704
-0.241729,0.0176015
0.208357,0.0763649
-0.137768,-0.0472198
0.23291,-0.20146
-0.0502106,0.00305948
-0.0823466,-0.0857952
0.0627079,-0.124615
-0.105022,0.0167623
0.199339,-0.0109638
-0.0859172,0.0872906
-0.0198294,0.0413755
-0.0436186,0.21115
-0.189512,0.0823618
-0.175657,-0.126308
-0.194212,-0.198988
0.0947523,0.163221
-0.00463118,-0.0231254
0.0767159,-0.0407498
0.0699561,-0.200392
0.165296,-0.0656835
0.188978,0.0100177
0.23114,-0.0526521
0.11285,0.065302
-0.0629368,0.156705
0.176283,-0.218032
0.121792,-0.0688116
-0.132199,0.159482
0.141858,-0.113033
0.0316095,-0.162641
-0.18788,0.128552
-0.0430998,-0.110286
-0.164518,0.022103
-0.129376,-0.0906934
-0.137463,0.0790201
0.0992081,0.0851237
0.0716651,-0.221984
-0.0852458,0.226119
-0.0896558,-0.0961867
-0.168516,-0.0657292
-0.111782,0.23056
-0.131893,-0.119594
0.062418,0.128018
0.041406,-0.114498
0.106075,-0.0810495
0.107067,-0.239212
0.100276,0.0653478
-0.186811,0.109935
-0.0595492,0.0119709
0.182066,0.0459685
-0.00241859,-0.234603
0.0858867,0.0267418
-0.0752052,0.0362941
0.132138,-0.238678
-0.24968,0.0234764
0.124035,-0.108882
0.147015,0.167615
0.111904,-0.101772
0.0193259,-0.0472045
-0.19911,-0.0553072
-0.201643,0.0841014
-0.16908,0.0954695
0.0853831,0.119259
0.194121,0.128292
0.034753,-0.117534
-0.194273,-0.116436
0.116726,0.238739
-0.00605029,-0.142544
0.150601,0.0564516
-0.0757393,-0.00869015
0.249252,-0.0631657
0.223998,-0.139691
0.0651341,0.0378506
-0.177229,0.214949
-0.0210349,0.0711615
-0.225677,0.0778756
0.121197,-0.200011
0.0753731,-0.150204
-0.132824,0.11607
0.247269,0.127056
0.196654,0.0238273
0.195891,0.184431
0.0579775,0.109951
0.115535,-0.174039
0.128109,-0.173612
-0.0476318,0.0572451
0.108394,0.164991
0.193022,-0.218139
-0.0526215,0.0518128
-0.00595874,-0.0243156
0.130902,0.0393918
-0.0821329,0.0415281
-0.069834,0.124874
-0.209273,-0.202177
0.248535,-0.227767
-0.0516602,-0.195906
-0.0425199,-0.0330439
-0.115139,-0.0234916
-0.137509,-0.119335
0.0708716,0.196547
0.189482,-0.025338
-0.0441526,-0.133969
0.232208,0.119686
-0.0791421,0.111522
0.0516907,0.0607242
0.197111,0.0912427
-0.132183,-0.195601
0.0158315,0.107753
0.0339747,-0.242447
0.0054552,-0.0207755
0.235427,0.194823
0.101192,-0.127087
-0.198225,-0.116665
-0.0168539,0.0533845
-0.225463,-0.0569094
-0.191679,0.249084
0.119961,-0.229583
-0.247803,0.0901288
0.22821,0.103313
0.125439,-0.179456
0.0891369,0.0563753
0.081492,0.238006
-0.214446,0.203703
0.180662,0.0642491
0.194502,0.0375759
-0.173902,0.199309
0.0369503,-0.118526
-0.162259,0.0626469
0.167158,0.085139
0.179319,-0.0257347
0.241485,0.0800577
0.104381,-0.220885
0.157987,0.123455
0.237075,0.167676
-0.0929365,-0.191176
-0.147244,-0.104106
0.223891,0.171247
-0.125118,-0.142041
0.183088,-0.0345546
-0.147137,0.21437
0.126659,-0.055002
-0.0626316,0.028985
0.065363,0.220534
0.11813,0.118023
-0.0556429,0.0250939
0.240112,0.0639897
-0.0861614,-0.0349818
0.0636692,0.0978347
-0.00493637,0.0841929
-0.115825,-0.19763
-0.217406,-0.180113
-0.0230186,-0.159864
0.0732521,0.178388
-0.116955,0.158795
0.0624485,0.208403
-0.198866,-0.122906
-0.00142674,0.100566
0.102062,-0.195204
-0.0640049,-0.00910215
0.230514,-0.200575
-0.0227439,-0.203413
0.0103687,-0.0870159
0.14526,0.162076
0.118908,0.0319758
-0.224136,-0.156323
0.245437,-0.036401
0.0717109,0.110714
0.200377,0.171476
0.207671,-0.00850703
-0.010094,0.11375
0.128857,-0.0580233
0.122311,-0.113002
-0.0685522,-0.23439
0.16113,0.128948
-0.0326624,-0.13786
-0.20877,-0.117138
0.0628452,0.133633
-0.0869243,-0.122646
-0.00751518,0.125942
0.0309687,-0.0760445
0.0981552,0.233566
-0.0491577,-0.113659
0.194441,0.0461821
0.0533082,-0.0763192
0.150708,0.164884
0.157498,-0.0382931
-0.209365,0.0662023
0.241272,0.0943404
-0.000358596,-0.157865
0.033639,-0.13081
0.180998,-0.105541
0.244781,0.15997
-0.0487457,-0.0891369
-0.0506684,0.0787912
0.215438,0.201933
-0.111156,0.131832
0.0128559,0.226135
0.20851,0.0712226
-0.226043,-0.118221
-0.105678,0.146237
-0.120968,-0.106487
-0.0740455,0.207198
0.159238,-0.128307
-0.0889233,-0.135083
0.23059,-0.127255
0.216796,0.158994
-0.198302,0.0386288
-0.136319,-0.0620212
-0.154294,0.143551
0.198363,-0.095378
-0.222915,0.126019
0.109645,0.0292444
0.0239647,-0.0656987
-0.195296,-0.21556
0.136563,-0.236373
-0.0899304,-0.0958357
-0.177519,0.0129627
-0.0863903,0.120357
0.0492492,0.0397733
0.212935,0.0802255
0.1049,0.040643
-0.21411,-0.102626
-0.242691,0.13609
0.248718,0.0397733
-0.0973769,-0.0124439
-0.182524,0.00780511
-0.156384,0.0247886
-0.0613804,0.00547045
0.0886639,0.111629
0.103832,0.0579012
-0.188322,0.228484
0.115322,-0.221816
-0.136029,-0.000587478
-0.183164,0.236969
-0.0216605,0.142315
0.0561159,0.137356
0.056299,0.169691
-0.105617,0.249023
0.178816,-0.0810953
-0.171354,-0.19615
0.23146,0.239425
0.0421995,-0.193083
-0.215758,-0.0845286
-0.050882,-0.0345698
0.117214,0.15228
0.048349,0.189055
0.0318384,0.203673
-0.147046,-0.135388
-0.160443,-0.0302972
-0.0898083,-0.141614
0.167371,0.141842
0.178068,-0.0509735
-0.0284051,0.22438
-0.22615,0.144208
-0.0996963,0.00974303
-0.139523,0.0843455
-0.105159,-0.16377
0.18611,-0.0138325
0.1714,0.205885
0.042642,-0.170347
-0.026986,0.0910138
0.158918,0.241028
0.232727,0.00722525
-0.206008,-0.224639
0.0384304,0.181257
0.0463347,0.0516755
0.0402615,-0.108501
0.144314,-0.0564211
0.190809,-0.19023
0.233978,-0.221129
-0.0409787,-0.078074
-0.070719,-0.249008
-0.0914716,-0.144223
0.140927,-0.00461592
-0.219436,0.194502
-0.0512024,0.0342952
-0.0273827,0.103282
0.0342799,0.0425504
0.0531098,-0.152234
-0.0623875,0.138012
0.20291,0.0321436
0.156049,0.149442
0.22412,0.135083
-0.15144,0.0649968
0.00696585,0.171659
0.162564,0.114589
0.0953169,0.0593661
-0.0517365,0.189192
0.241394,0.0164419
-0.123501,0.0500275
0.0903882,0.0703986
0.225341,0.0311213
-0.114345,0.00508896
-0.148679,0.187986
-0.165067,-0.175489
0.111049,0.0957595
0.0284051,0.0610752
0.24823,0.249969
0.0490966,0.00696585
0.0125965,-0.227157
0.166318,0.196333
0.0255516,-0.121502
-0.24733,0.216643
0.15875,-0.200087
-0.184584,0.177244
-0.0591983,0.131161
-0.217376,-0.086726
-0.241913,-0.212447
-0.0650883,-0.246872
-0.134945,0.0373012
0.123226,-0.0726569
-0.0302972,-0.192625
0.163495,-0.0526215
-0.0900677,0.217147
0.0485778,0.0321894
0.186354,0.0423826
-0.131802,-0.089198
-0.132962,0.0633946
0.0777078,0.0789132
0.130215,-0.000190735
0.00574511,-0.162229
-0.0400632,-0.0145039
0.242187,0.19351
-0.238922,-0.213363
-0.203703,-0.0553072
-0.0914106,0.21614
0.166166,0.0367519
-0.00290689,-0.0526521
0.209868,0.010979
-0.193693,0.180479
-0.0410398,0.126415
0.247864,-0.135586
-0.234909,-0.0173269
-0.190809,-0.0722755
-0.0798746,0.221984
-0.239792,0.221129
0.140606,0.138333
0.138134,0.125362
0.057062,-0.227981
-0.223586,0.0270165
0.0988418,-0.18234
-0.106792,0.115719
-0.0849559,-0.0761513
0.00489059,0.205733
0.22232,0.212478
0.180662,0.0351039
0.219863,0.0958815
-0.096675,0.245453
-0.0374386,0.220153
0.0523469,-0.00447859
-0.167188,0.1123
-0.225524,-0.0882672
0.00138095,-0.14021
-0.242279,-0.171293
0.018395,-0.0995743
0.174345,0.0229728
-0.0753273,-0.24939
-0.19174,-0.107112
0.0242851,-0.249603
0.132839,-0.211806
0.208785,0.153027
-0.145627,-0.0581912
-0.0260552,0.137509
0.18704,0.207564
0.0193411,0.0721076
-0.125072,0.0564516
0.0717414,0.106914
0.226852,0.0351344
-0.177442,-0.0763344
0.179212,0.139141
0.120449,0.220931
0.153211,-0.195601
-0.190916,-0.237304
0.221282,-0.0298395
-0.148587,0.0687506
-0.151151,-0.0839335
0.130337,0.074488
0.227004,-0.173017
0.0670568,-0.161176
-0.038583,-0.211547
-0.0527436,0.128018
0.133526,0.16583
0.0960036,-0.0465026
-0.00075534,0.0704596
-0.208235,-0.107936
-0.158841,-0.134182
0.0606174,-0.233657
0.239517,-0.08314
0.240509,0.0137104
-0.222152,0.0356227
-0.0428861,-0.178098
-0.0510651,-0.173734
-0.0988571,-0.140713
-0.2238,-0.117367
0.0481506,0.177976
-0.0829722,0.0414975
0.211303,0.117977
-0.237197,0.144574
0.067835,-0.209639
-0.19821,0.0124439
0.0497681,-0.0322199
-0.2397,0.0835978
0.239395,-0.0398343
-0.212157,-0.0785165
0.160428,-0.195952
0.201796,0.0430235
0.10519,-0.156537
0.0572298,-0.228622
-0.111476,0.0304956
0.0577639,0.0664159
0.169294,0.0237358
0.0725501,0.0356685
0.229537,-0.0872906
-0.22441,0.0792184
-0.147397,0.146451
0.172681,-0.128521
0.190413,-0.00582141
0.0315027,0.132931
-0.239563,0.116466
-0.0190207,-0.10493
-0.0364773,0.074778
-0.205077,0.21173
-0.237472,-0.1423
0.126034,0.0196005
-0.0870769,-0.248184
0.205596,0.101588
-0.11433,0.13551
-0.225234,-0.144482
-0.126827,0.0235832
-0.237167,-0.178053
0.0187918,-0.05871
-0.0217673,0.173582
-0.239319,-0.0447325
-0.172285,0.1199
-0.0694983,-0.0600528
-0.17024,-0.0699713
-0.00243385,-0.0924634
-0.0627079,0.0266961
0.0992081,-0.0205313
-0.0642949,-0.145291
0.247894,-0.172422
-0.0682775,-0.0229728
-0.14436,0.163297
0.198622,0.101329
-0.0334254,0.102565
-0.10638,-0.00943784
-0.162,-0.0149007
-0.0870769,-0.0396664
-0.239257,-0.0243156
-0.0999405,-0.0838115
-0.240524,0.0259636
0.1732,0.134381
0.0634556,0.0246361
0.0870159,0.238571
-0.0116352,0.214248
0.0948134,0.0761818
0.120098,0.202727
0.0263146,-0.0527436
-0.0593661,0.147778
-0.15286,-0.11111
-0.212798,-0.0577334
-0.0849101,-0.031518
-0.215056,-0.0213553
-0.000679031,-0.210997
0.143811,-0.179319
0.0777383,0.159162
-0.0396207,-0.139538
0.178388,0.131787
-0.0847881,-0.211028
-0.219665,-0.136456
0.00632495,-0.0418333
0.0399564,-0.000953704
0.209365,-0.0371944
-0.142331,0.0324335
0.205229,0.0202109
0.0515381,-0.150311
0.0656529,-0.024102
0.152615,-0.0952406
0.0375149,0.0133747
0.0881603,0.232498
-0.183729,-0.103847
-0.231887,-0.248276
-0.0506684,-0.179945
-0.159452,0.0615177
-0.23999,0.204131
0.131664,0.183531
-0.0675146,-0.00202185
0.0359279,-0.0459838
0.148633,-0.165967
-0.127819,0.0183187
-0.0828959,0.102504
-0.0289087,0.13084
-0.0143818,-0.222686
0.00960571,0.214064
-0.0233238,0.0713599
-0.141766,-0.120724
0.137616,0.248611
-0.0433439,-0.137494
-0.154386,0.171934
-0.0169149,0.0785012
-0.241882,-0.0857952
-0.166547,0.245972
0.24942,0.0110401
0.175611,-0.2126
0.0239494,0.183241
0.0944014,-0.0437101
0.0471282,0.107173
0.0932417,-0.104961
0.183973,0.0610294
-0.0323725,0.0766854
0.186522,0.0252464
-0.18347,-0.166517
-0.0795389,0.0651647
0.206969,-0.0743049
-0.0283898,0.0739387
-0.242538,-0.146756
0.0229423,0.204054
0.156384,-0.136013
0.142758,0.0653478
-0.119961,-0.138867
-0.125484,0.0178457
0.12698,0.163388
-0.230789,0.137371
0.23352,-0.179365
-0.249359,0.182096
0.0863903,-0.0614567
-0.0457091,0.138379
-0.201872,0.214888
-0.0694372,0.173597
0.160764,0.14111
-0.147183,0.0745186
0.143323,0.0719398
0.121014,-0.000968963
-0.0508209,0.116329
0.00130466,0.119518
-0.10165,0.0527741
0.192625,-0.0140461
0.150708,0.222228
-0.0395291,0.186872
0.0356075,0.101619
0.228774,0.136273
0.00370038,0.0111926
-0.229644,0.0646458
-0.0337611,0.158826
-0.113216,0.0422758
0.0378811,-0.0257958
0.21791,0.112789
-0.0516297,-0.063654
0.0719703,-0.134777
0.138745,-0.152661
-0.083018,0.0227897
-0.192183,-0.244491
-0.0762734,-0.123775
-0.0755257,-0.0189139
0.201079,0.140072
-0.0286798,-0.0524537
0.114513,0.0598849
-0.0644932,-0.228179
-0.171827,-0.151364
-0.187834,-0.183683
-0.0388577,-0.219771
0.136334,0.156064
-0.00139622,0.0184256
-0.191527,0.163877
-0.15141,0.00926998
0.230071,0.167035
0.184858,0.015038
0.0138478,-0.121822
-0.033639,0.118007
-0.214644,0.0538728
-0.225661,-0.228011
-0.159421,0.0836741
-0.142758,0.229949
0.175871,-0.0367824
0.0243767,-0.0744728
0.155423,-0.145993
-0.221267,0.137082
-0.167829,0.183393
-0.170194,0.011803
0.187651,-0.0124592
-0.123196,-0.221526
-0.193739,-0.0490203
-0.196944,0.226775
0.249954,-0.154813
0.172239,-0.218764
0.148495,-0.179929
0.166746,0.248321
-0.228561,-0.249191
-0.140576,0.0640355
0.0969954,0.093791
-0.0413297,0.121105
0.143536,-0.045877
-0.0821787,0.00308999
0.079661,-0.181501
0.0495544,0.203871
-0.122005,0.156049
0.0356227,0.160764
0.0286187,-0.159558
-0.0270775,0.179075
0.0777535,0.0966292
-0.153867,0.076487
0.00716421,-0.0751595
0.0678503,0.125271
0.220077,0.205473
-0.023339,0.120373
0.149182,-0.0624027
-0.0660649,0.151822
-0.247772,-0.185469
-0.0902203,-0.0908765
-0.0888775,0.0893811
0.198943,0.096202
-0.000267044,-0.0663854
0.157193,-0.215361
0.136502,0.242279
0.0988266,-0.216308
-0.112941,0.0881756
0.246017,-0.145047
-0.0672094,-0.221053
-0.12965,-0.150235
-0.0292138,0.219726
0.0176473,0.0978347
-0.139126,0.0343257
-0.0438627,0.124722
-0.214644,0.148785
0.239105,0.0267266
-0.0629521,-0.210433
0.0222709,0.081019
0.00125888,0.100215
0.0268029,-0.0807138
-0.052591,-0.171049
-0.211669,-0.156964
-0.104259,-0.208876
0.0829112,0.10847
0.0749001,0.0588015
0.170087,-0.240646
0.135998,0.0812784
0.244232,-0.164121
-0.161359,0.189253
0.23439,0.0374843
-0.125149,0.185942
-0.156613,0.167997
-0.153989,-0.021691
-0.033105,-0.0588473
0.159055,-0.0486694
-0.117168,-0.0254906
-0.143017,0.0385983
-0.14787,0.050058
0.149838,0.192442
0.0210349,-0.0305567
0.161176,0.206389
-0.234008,0.0821635
0.156262,0.0935011
-0.128628,-0.185377
-0.232803,-0.0267113
0.180921,-0.221587
-0.0191732,0.170804
0.11343,-0.214293
-0.0952406,-0.0195853
0.183363,-0.14993
0.0777078,-0.201872
-0.08314,0.000709563
-0.161023,0.0749458
-0.196028,-0.0116047
0.0234764,-0.205336
0.177702,0.210997
-0.00263222,-0.0706427
0.160169,-0.0630284
-0.199751,0.0753426
0.0671636,0.154798
-0.0906476,0.223037
-0.0889386,0.126461
-0.108547,-0.136288
-0.106944,-0.0267418
-0.0418638,-0.113674
0.025277,-0.12814
0.189985,-0.0325861
-0.226516,0.188932
-0.0547426,-0.0926466
-0.139187,0.132275
0.218932,0.116024
0.123302,0.246796
-0.0325861,0.201003
0.0577792,-0.166837
0.164777,-0.138592
-0.0471587,0.117733
0.106029,0.0405973
0.243347,-0.248856
0.223098,0.0406888
-0.0207144,-0.0353633
-0.0708869,0.0521485
0.0494324,-0.0387661
-0.243271,-0.198424
0.050531,-0.129177
-0.194166,-0.229202
-0.0573061,-0.153424
-0.233398,0.190291
-0.118572,0.131161
0.0333491,-0.239837
-0.132824,0.170804
0.174772,-0.198088
0.102718,0.105419
-0.223708,-0.206175
0.199355,0.212706
-0.0798135,-0.00664541
0.12225,0.134487
-0.181211,0.099559
0.0156789,-0.0364773
-0.133038,0.158658
-0.20114,0.0187155
0.128857,0.165906
0.172758,-0.113201
0.0250176,0.0669195
-0.0712378,0.0590457
0.235321,0.1114
0.199812,0.240509
0.0832621,-0.237289
0.0442747,0.160474
-0.0826365,0.116131
0.00380719,-0.0381252
-0.24469,0.0289544
0.0251549,-0.00194556
0.206404,-0.0841014
-0.112941,0.114711
-0.0622196,-0.0877178
0.0225303,0.245483
0.20056,-0.141095
-0.122692,-0.100948
0.180815,-0.189039
0.195128,-0.133984
0.191633,0.0248344
-0.129772,0.223556
-0.0285577,0.125271
-0.241913,-0.0339137
0.104534,-0.0934706
0.0845744,-0.159879
-0.170789,-0.0296106
-0.155576,0.211241
0.249268,0.154126
-0.170286,0.0413449
0.214415,-0.0482116
0.178694,-0.195341
-0.114696,-0.118358
0.0857799,-0.0799204
0.248764,0.00313577
0.0634251,0.028283
0.098674,0.0362484
-0.103847,0.191847
0.248627,-0.213332
0.1779,-0.153867
-0.00873592,-0.17027
0.0726264,0.0795236
0.0706885,0.156125
0.189528,0.0705359
0.182875,0.232818
0.212889,-0.239349
-0.229781,0.182035
0.17761,0.0904645
0.125652,0.0316401
0.0307092,-0.122753
0.0717566,0.239731
-0.130276,0.162656
0.231002,-0.0529878
-0.00157933,0.107906
0.152203,0.159665
0.190535,-0.234893
-0.190901,-0.183973
-0.19792,-0.197295
0.236709,-0.0596866
0.123089,0.0130848
-0.179182,-0.163846
0.108974,0.180509
0.00672171,0.0235832
-0.117321,0.137631
-0.0578249,-0.128033
0.147763,0.0885571
-0.179197,0.132687
-0.0967818,0.026574
-0.0587405,-0.17584
0.100963,-0.175123
0.247772,0.172559
0.135952,-0.171918
-0.132244,0.0613346
-0.189833,0.0230339
-0.0876568,0.192686
0.160855,0.116649
0.0548494,-0.0859935
-0.206511,0.0993149
0.153516,-0.0874279
0.110469,0.121609
-0.0663396,0.231384
0.0757241,-0.237396
-0.00492111,-0.190428
-0.0937757,0.0181204
0.16026,0.000328064
-0.169141,0.0865581
-0.0710395,-0.230667
-0.192763,-0.219192
0.0550478,0.0271996
-0.162763,0.144391
0.0108264,-0.201369
-0.228317,0.09962
-0.145215,0.181822
0.245071,0.206206
-0.231674,-0.199217
0.130596,-0.141598
-0.223022,0.204237
0.156522,-0.00133519
-0.0781503,-0.0864208
0.0741676,0.176008
-0.10313,0.0737861
0.0183187,0.0273217
-0.0823923,-0.0904035
-0.0493561,0.00962096
-0.163099,-0.0592135
-0.173215,-0.0386441
-0.226547,0.159162
-0.122387,-0.179029
-0.231399,0.120647
0.145474,0.0808664
0.237045,0.155652
0.165845,-0.19528
0.227142,0.150525
-0.0647984,-0.213424
-0.24353,0.103526
0.0555971,0.179518
0.238189,-0.0915784
0.196654,0.172208
-0.236373,0.0685675
-0.234527,0.0415128
-0.242615,-0.205092
-0.0745949,0.159116
-0.23027,0.19087
-0.146268,-0.219634
-0.0775857,-0.0227897
-0.120403,0.193648
-0.226363,-0.039819
-0.107875,0.0578249
0.117275,0.195845
0.15994,0.00685903
-0.0174795,0.053827
-0.0477844,-0.151379
-0.150693,0.133755
0.102306,-0.0631504
-0.15492,0.237075
-0.09579,0.0440611
-0.0612735,-0.15202
-0.0171743,-0.186567
-0.102794,-0.173978
0.0282983,0.118084
0.0204398,-0.236175
0.0354396,-0.0945235
-0.0797677,0.213042
-0.0615329,-0.14436
-0.141385,0.231429
-0.218001,-0.0693915
-0.0883892,-0.0454344
-0.181181,0.143887
-0.0264367,0.14491
0.174879,0.12756
-0.131878,-0.0784097
-0.0275506,-0.174482
0.0812021,0.124065
0.0519044,-0.109203
-0.118404,0.0125202
0.182691,0.114956
-0.154981,-0.241531
-0.095851,-0.0320063
0.0470672,-0.0714972
-0.112987,0.0767159
-0.0594272,-0.0858409
-0.0441526,0.219604
0.183515,0.0114216
0.163358,0.166517
-0.0676519,0.102672
0.0570467,-0.0588168
-0.132931,0.144238
0.0288934,-0.165265
-0.0367367,-0.0871838
-0.11137,0.248245
-0.223281,0.213836
0.0513856,0.192534
-0.243362,0.00472274
-0.0200125,0.0233848
-0.147519,0.136486
-0.226943,0.240204
-0.0693609,0.166517
0.038995,-0.0738472
-0.233886,-0.0542848
-0.0531251,0.158307
0.125195,-0.0665685
0.0946455,-0.0347224
0.204375,-0.0573061
0.0853831,0.161191
-0.0585116,-0.230468
-0.0478912,0.133435
-0.0354244,-0.090907
-0.177992,-0.0870769
0.193907,-0.188246
-0.0396512,0.104488
-0.13699,-0.117489
0.0850017,0.00588244
-0.0255516,0.176588
0.0921277,-0.00669119
-0.0445341,-0.00560777
0.0835673,0.00173193
0.0297784,-0.170804
-0.163373,0.178007
0.0705206,-0.129666
0.106883,0.0349666
-0.0494476,0.0151601
-0.0954237,0.18469
0.15521,0.0930586
0.135342,-0.0211112
0.173505,-0.24559
0.245743,0.134762
-0.0667669,0.227767
-0.235656,0.174192
-0.204268,-0.101878
-0.120998,-0.245361
-0.12431,-0.0900067
-0.0592746,0.219863
0.201872,0.247635
0.0350734,-0.0518891
-0.0157552,-0.00388348
0.0114979,-0.1732
0.00330362,0.236221
0.111385,-0.069071
-0.113155,-0.223907
0.0852153,0.23384
-0.2097,0.17317
-0.0602206,-0.0717109
0.245911,0.248993
0.205779,0.186155
0.196425,0.0504853
-0.133419,-0.0655614
-0.0209281,-0.0392697
-0.161191,-0.023629
-0.224624,-0.088023
0.145169,0.0349971
-0.207671,-0.0953627
0.170438,0.048059
0.190657,-0.215117
0.141003,-0.208281
0.025811,-0.0157857
0.218642,0.161756
0.217299,0.174085
-0.150754,0.189802
-0.188124,0.0385983
-0.24295,0.12344
0.0564669,0.118664
0.224899,0.147549
0.0459838,-0.0696051
0.0513703,0.0755867
-0.037637,-0.188871
-0.174757,0.0887097
0.169706,0.19612
-0.0919599,-0.149304
0.181684,-0.221038
-0.23497,0.0772652
-0.233459,-0.240967
0.0357296,-0.112728
0.205565,0.128857
-0.0159536,0.014626
-0.0298395,0.20465
0.2191,0.208342
-0.165983,-0.146741
-0.172895,-0.100566
0.184965,0.11845
-0.194929,-0.0375301
0.0529572,0.199614
-0.063242,0.149884
0.119411,-0.0136036
0.00176245,0.027337
0.223586,0.101894
-0.041757,-0.011681
0.13168,0.157834
-0.0102466,0.175672
0.084315,0.174833
0.0571688,-0.111293
-0.112148,-0.129223
-0.15408,-0.196242
0.0653478,-0.229492
0.249527,0.0862682
-0.167356,-0.160077
-0.22026,0.222594
-0.0845286,0.09756
0.0442747,0.149792
-0.0273675,-0.0930586
0.182218,0.0112079
0.141675,-0.0973159
-0.101543,0.116344
-0.0281152,-0.246567
-0.0129322,-0.0671941
-0.239074,0.214949
-0.0152516,0.188658
0.0601901,0.176283
-0.155332,-0.086726
-0.135205,0.152295
-0.228469,-0.00524156
-0.246185,-0.0744575
0.108333,0.0821329
-0.00370038,-0.209258
-0.0845134,-0.0896863
-0.111324,0.104869
0.133114,-0.123867
-0.160627,0.0960494
-0.0333338,-0.0566042
-0.0340053,0.134396
-0.112819,0.205214
0.22087,-0.0822092
-0.113933,0.181684
-0.189467,-0.223952
-0.124355,0.181013
-0.0750984,0.0460601
-0.124279,-0.197722
0.0413755,0.221603
-0.123135,-0.0920667
-0.180021,-0.169446
0.0212485,0.144024
-0.145032,0.242889
-0.00872067,-0.163388
-0.20172,-0.137738
0.246994,-0.157865
0.120983,-0.0952101
0.00270852,0.180006
0.0277184,0.217589
0.0835063,0.0255974
-0.209609,-0.159375
0.0522553,-0.108242
0.0163045,-0.235061
0.247726,0.076838
0.116329,0.0900372
0.124569,0.207427
-0.0108112,0.0340205
0.0354854,-0.0459685
0.187056,-0.000679031
-0.153317,0.247772
0.0780892,0.147259
0.026635,0.0759072
-0.228088,0.184416
0.0993912,0.18495
-0.176786,-0.185881
0.102565,-0.231109
-0.0206229,0.056177
-0.0590152,-0.0290307
-0.0122761,-0.112316
-0.223647,-0.222976
0.227813,-0.0915784
-0.156308,0.128674
0.184706,-0.0162435
-0.164716,-0.165876
0.0286187,0.0681707
0.242431,0.105281
-0.183409,0.16258
-0.204039,-0.201415
0.0820261,0.108608
-0.103908,0.188444
-0.172803,0.172895
0.171903,-0.149365
0.185224,0.124477
0.0615329,-0.0153584
-0.233947,-0.241379
0.0535218,-0.247894
-0.0468993,0.0699408
-0.0202719,-0.0396207
0.165418,0.0280541
0.000846893,0.168729
-0.148556,0.159009
0.174726,0.0455413
0.229766,-0.11462
0.248489,0.0547884
0.0426115,-0.171613
0.0648442,-0.200545
-0.162336,0.0249413
0.223266,0.100566
0.0437712,-0.237091
-0.113338,0.139477
-0.143704,-0.0122456
-0.125729,0.241958
0.197615,-0.0165944
-0.0687811,0.131893
-0.231613,-0.219207
-0.184523,0.232818
-0.0445341,-0.00293741
0.0928907,-0.154492
0.111644,0.0584964
-0.219237,-0.220351
-0.0268487,0.0103839
0.230743,-0.232345
0.230697,-0.133023
-0.10847,0.238998
0.0190512,0.204558
-0.157743,-0.217269
-0.158399,-0.0493103
0.236785,-0.122951
0.194853,0.0732521
0.0498291,0.213118
-0.0912275,0.121502
-0.234359,0.192061
-0.0312433,-0.176832
-0.100566,-0.0772195
-0.165586,0.190321
-0.00743888,-0.201018
0.0212485,-0.163144
-0.0279778,-0.016686
-0.0394986,-0.0386288
0.0147481,-0.123119
-0.0968581,0.198027
-0.192625,-0.0976516
-0.116802,-0.211333
-0.157682,0.17851
0.00644705,-0.220458
0.140393,-0.0853526
0.0798593,0.195296
0.040933,0.102733
-0.152524,-0.106182
-0.0500885,-0.164396
-0.151578,0.0549104
0.186735,-0.170759
0.16258,0.00565356
-0.179914,-0.0227134
0.0594577,-0.163968
0.13403,0.0158162
-0.183699,0.007622
0.114162,0.126843
0.220489,-0.0914563
0.0953475,0.0580691
0.0222099,0.0579775
-0.0391629,0.0876721
-0.146954,-0.0870464
0.0340205,-0.0882519
-0.124081,-0.0188986
0.053064,-0.217177
0.182112,0.191954
-0.130779,-0.0225303
0.200972,0.2303
-0.240585,-0.0789285
0.138028,-0.215453
-0.00637074,0.0480285
0.206893,-0.0867565
0.0478912,0.225402
0.170957,-0.0171895
0.103374,-0.181883
-0.0400021,-0.120144
0.222213,0.224029
-0.122127,-0.0491119
-0.159268,-0.0433897
0.166532,-0.127285
-0.0292901,0.103923
-0.0579775,-0.0932875
0.249207,0.241348
-0.231597,0.239914
0.227645,0.126843
-0.115215,-0.133862
0.0409482,-0.243667
-0.148602,0.210448
-0.153043,0.107799
0.130245,-0.0504242
0.177076,0.151639
-0.134152,0.232147
0.0887097,-0.0438627
-0.117977,-0.248917
-0.239959,-0.0345088
0.159848,-0.127972
-0.0821635,-0.221023
-0.187132,-0.229858
0.238845,0.00916317
-0.175047,-0.220779
0.115505,0.0473266
0.0664922,-0.0943709
-0.0734962,-0.185789
-0.145566,0.210356
0.20291,-0.17555
0.0720924,0.012566
-0.169752,0.142254
0.113918,0.117367
0.177656,0.0570772
0.171262,0.021218
-0.205992,0.0571383
0.124554,-0.20201
0.0625248,-0.0712531
0.0574587,0.118786
-0.0464721,0.0598697
0.158841,0.108654
-0.233139,-0.224105
0.0279779,-0.00653858
0.00392926,-0.214248
0.14877,0.239776
-0.239639,0.0664159
0.0483947,0.14114
-0.220183,-0.235809
-0.0935621,0.0537202
0.0594424,-0.0594424
0.129498,0.234542
0.147839,0.240982
0.157437,-0.0147786
0.0259789,-0.185438
0.0167318,0.0548036
0.211745,0.0630284
-0.113613,0.0041734
-0.0212638,0.0466094
0.192228,-0.0142903
-0.170011,0.125652
-0.00478378,0.14111
0.117153,0.165342
0.189177,0.0702918
-0.054178,-0.117672
-0.22615,0.0750526
-0.24234,0.160901
0.21878,0.129925
0.229858,-0.0829875
0.183454,-0.216094
-0.117458,-0.161588
0.109767,-0.0540101
0.0350887,0.0787912
-0.0479675,-0.242599
0.00122836,0.234069
0.0603275,0.00411236
0.164563,0.179243
-0.0172201,-0.22763
-0.175871,0.0935163
0.202528,-0.19937
-0.0485626,-0.247833
0.0746559,0.230758
0.249008,-0.0869701
-0.0207602,0.211898
0.151502,-0.124111
-0.0443815,0.0599307
0.159711,0.0429014
-0.166257,-0.0742134
0.148282,0.0579775
0.128399,0.175611
0.0376064,-0.146481
0.211516,-0.0640355
-0.0293207,0.182493
0.0286035,0.00725576
-0.114635,-0.0361263
-0.125301,0.0983993
0.122951,0.0198294
-0.00450911,0.0859325
-0.0367367,0.0325404
0.0292138,-0.249405
0.227355,-0.201094
0.0551393,0.194746
-0.161969,0.111263
-0.236007,-0.106761
-0.020806,-0.157987
0.0161519,0.0816599
0.244232,0.0608768
-0.196898,-0.065775
-0.085551,-0.238006
-0.122112,0.235015
-0.242035,0.029931
0.0701239,-0.00455488
-0.0102313,0.222045
0.0511414,0.221252
-0.216643,-0.00438704
0.0650731,-0.218184
-0.0248955,-0.24205
-0.108699,0.0854289
-0.14874,-0.132687
0.0539491,0.0130085
0.158826,0.162992
0.0441679,-0.185942
0.230605,0.152631
0.0706122,-0.0825144
-0.134838,-0.0650426
0.104045,-0.139447
-0.147732,0.185865
0.231262,-0.210753
-0.21556,-0.213836
0.0844829,0.233016
0.0454039,-0.0809275
-0.138638,0.106929
0.115612,0.21556
0.201537,0.144711
0.0862072,-0.224441
-0.0648137,0.215392
0.0212333,0.143536
-0.030633,0.226943
0.0593356,0.0659123
-0.172391,0.0699408
-0.104808,0.109233
0.108516,-0.195585
0.0316248,-0.0335322
-0.121258,0.0429472
-0.0573366,0.030221
-0.233444,0.233184
0.038522,0.0603732
-0.229247,-0.20706
0.0727943,0.0248497
0.0514008,-0.199065
-0.117153,-0.0588778
0.217391,0.196318
0.103694,-0.203017
-0.12315,0.190046
0.246185,-0.121502
-0.0341578,-0.158582
-0.219955,0.0832469
0.120922,0.00276956
0.11259,0.0471435
0.111354,0.0852458
0.103206,0.162809
0.0965072,-0.150693
0.00505844,-0.182417
0.224044,0.172514
-0.0262536,-0.0703833
-0.165448,-0.00189978
0.0342952,0.109691
-0.211638,-0.082667
0.146558,0.0272607
0.179823,0.0887402
-0.240005,-0.191252
-0.0448546,-0.0526063
-0.00160985,0.0461211
0.199034,-0.0926313
-0.135205,0.243957
0.105953,0.0105213
0.107997,-0.216842
-0.0984146,0.224593
0.140439,0.2294
0.230102,-0.15611
0.148663,0.0642644
-0.227187,0.195769
-0.213286,0.167646
0.114071,0.105617
0.0932722,0.128933
0.119625,-0.175962
0.0228202,0.215697
-0.156522,-0.131085
0.231964,0.0775399
0.228698,-0.0143361
0.0110401,0.0135426
0.11755,0.17877
0.00206763,-0.118831
-0.162793,0.0178304
0.0932111,-0.0248802
-0.124004,0.171003
0.130856,-0.0461821
-0.0838878,-0.13084
-0.160504,0.141949
0.238586,-0.246048
0.0904798,-0.212844
-0.234313,-0.187422
-0.0902661,0.0989639
-0.243042,-0.14729
-0.134365,0.14787
-0.0761208,0.220641
0.227218,-0.0468078
-0.0207449,0.215575
0.0335932,-0.162687
-0.113109,-0.0965377
-0.0349208,-0.125271
-0.173124,-0.216689
0.156781,0.0139088
0.142499,0.00914791
-0.15492,0.200194
-0.215941,0.1208
-0.0121082,0.0777688
0.0156331,-0.0134052
0.249008,0.098796
-0.100185,-0.088908
-0.0125507,0.118053
-0.173276,0.110973
0.142361,-0.199156
0.102367,0.0121845
0.153867,-0.0772652
-0.137722,0.0715735
-0.189161,-0.111232
-0.173963,0.0759987
0.166028,0.0508209
0.158124,0.122173
-0.0909223,0.150632
-0.0491424,0.230163
-0.161618,-0.0328455
0.0951491,-0.206053
-0.178007,-0.00389874
0.0543916,-0.177976
-0.111461,0.239685
-0.192534,0.170957
-0.161374,-0.0649663
-0.0237816,0.225463
0.0173116,-0.200865
-0.0968734,0.227828
0.13844,0.118465
0.194899,0.209822
-0.198729,-0.23854
-0.00267799,0.230331
0.0901898,-0.0579012
0.0174032,-0.128292
-0.102077,-0.18759
0.0580691,0.198195
-0.136792,0.212371
0.0811563,0.129101
0.0631657,0.154965
0.064478,-0.0695288
-0.148724,-0.125088
0.168348,-0.222121
-0.0185324,0.0189138
-0.0226524,0.0935469
-0.0910749,-0.194395
-0.167051,0.111171
-0.0916395,0.233352
0.0224998,-0.128658
-0.0997574,0.16409
-0.159742,0.10078
0.125622,-0.138791
-0.213652,0.178388
0.0602664,-0.19026
-0.0812937,0.141491
0.208724,-0.103267
0.124218,-0.0649205
0.168744,-0.219726
-0.175657,-0.142438
0.107006,0.0250633
-0.119045,-0.0943251
0.0364925,-0.167356
0.217925,-0.0279473
0.0362484,-0.0553682
-0.0757851,0.0985824
-0.195769,0.0466857
-0.145871,0.238281
0.183699,-0.248154
-0.00992614,0.229339
0.0539186,-0.00901058
0.0837657,-0.0659734
0.225707,-0.111538
-0.158673,0.245941
0.232528,-0.0484558
0.168027,-0.0817515
0.157727,0.151181
0.238113,-0.0832316
-0.111568,0.222686
-0.0944624,-0.249878
-0.0630131,-0.235931
0.221145,-0.0190207
0.220229,-0.0393765
0.0718177,-0.129269
-0.062479,0.0132679
0.207457,-0.138623
-0.0619755,0.0994675
0.171186,-0.152814
0.217757,-0.0557649
-0.101466,-0.0602054
-0.0627079,-0.170255
0.0012131,0.179304
0.100536,0.121532
0.00106052,-0.104991
-0.214797,0.139386
0.0297479,0.168668
0.0657903,-0.0488983
-0.239914,0.10316
0.0194632,-0.0827433
0.0842845,-0.149655
-0.0444273,0.0650273
-0.195189,0.100536
-0.240417,0.119213
-0.146069,-0.0129475
-0.0083697,-0.231246
-0.193297,0.109081
0.13081,-0.00344096
0.203948,0.125683
0.10548,0.0509735
-0.0497986,0.124248
0.000343323,-0.112926
-0.197432,0.216536
0.0809885,0.155713
0.215987,0.0653172
0.0262536,0.0685675
0.0605716,-0.205107
0.00946838,0.217284
-0.0233696,-0.0115741
0.0187307,0.174848
-0.116878,0.225311
0.0572451,-0.0426267
-0.0951796,-0.13818
0.11401,0.174268
0.234344,0.00801873
0.0457396,-0.055002
0.194075,-0.0961409
-0.239441,-0.0892895
0.0141682,0.148251
-0.155988,-0.081431
0.0918836,-0.016686
0.0180899,0.207152
0.247879,0.0878246
0.0739235,0.17085
0.245483,0.082316
0.168714,0.0316248
0.087962,0.199293
0.12759,-0.00394452
-0.139981,-0.178312
0.140881,0.225784
0.128658,-0.157468
-0.00240333,0.199721
0.169309,0.0489746
0.245651,-0.204146
0.0328456,-0.0160298
-0.080546,0.170957
0.218947,-0.0113758
0.225555,-0.233764
-0.0284661,-0.121838
-0.173215,0.017159
-0.0379574,-0.0449461
0.115886,0.095439
-0.124187,-0.188063
0.118801,-0.238647
0.167524,0.127956
-0.0814005,0.154645
0.00127414,-0.0888928
0.240478,0.101894
0.140683,-0.109767
0.0885418,-0.231292
-0.195021,0.00946838
0.0750221,0.234756
-0.243545,0.228332
-0.167661,-0.180326
0.134991,0.0805918
0.14906,0.238296
-0.194807,0.195158
0.219771,-0.0872143
0.232147,0.231872
0.150159,0.0205161
0.150708,-0.064478
0.107448,0.105037
0.0446867,-0.2388
-0.243103,-0.171125
0.201094,-0.226043
-0.124706,0.196104
-0.144864,-0.223891
-0.218505,-0.177519
0.191908,-0.134869
-0.0246666,0.0819498
0.219787,-0.124615
0.124844,0.206893
-0.218139,-0.0932417
-0.207045,0.170835
0.22055,-0.106746
0.0440306,-0.0686285
-0.0389645,-0.0850627
-0.179197,-0.138287
0.0295343,0.205962
0.232589,-0.0513245
-0.228469,0.0621128
0.145108,0.0854595
-0.214034,0.100948
0.212905,0.0373165
-0.159207,0.0774178
0.244476,-0.0918378
-0.214385,0.208525
0.0413602,0.186293
0.227157,0.209594
0.101222,0.197295
-0.0172506,-0.00406659
-0.174055,0.0423673
0.0781503,-0.247665
0.12524,-0.149869
-0.195433,-0.175932
0.0562838,-0.0801035
0.101207,0.132244
-0.109722,0.0848643
-0.22174,0.0665838
0.246246,-0.126995
-0.153195,0.0591373
0.182844,-0.205977
-0.0296716,-0.208525
-0.111034,-0.169614
-0.195769,0.239059
-0.136593,-0.0394375
0.238601,0.00536361
0.224532,-0.207396
-0.190245,0.149518
0.0403683,0.136303
-0.203322,-0.0400632
-0.180067,0.091792
-0.232681,-0.122478
0.0562533,-0.0169759
0.0909223,0.0213096
-0.0382473,0.213973
0.181761,0.0198752
-0.213332,-0.124081
-0.010155,0.101497
-0.138836,0.18379
0.00449386,0.14613
-0.248459,0.0696661
-0.213927,0.152615
0.171552,0.011803
-0.208235,-0.17613
0.0389798,-0.0730995
0.0108722,0.22354
-0.18144,0.204237
0.175321,0.206786
0.0415891,0.209243
0.0609989,0.0790048
0.142758,-0.164792
0.145566,0.184873
0.00530258,-0.0691931
0.138226,-0.118679
-0.145474,0.181639
0.147351,0.097438
-0.109264,-0.225768
0.00127414,-0.0656224
-0.198119,-0.0797372
-0.0118641,0.00846127
0.0469909,0.0692236
0.0302515,-0.00954467
0.0503784,-0.112316
0.0586795,0.0444731
0.197951,-0.166532
0.103633,0.119213
-0.224319,-0.0975906
-0.13374,-0.205046
0.241195,-0.12373
-0.212325,0.139401
-0.031167,0.149747
-0.11961,-0.224761
-0.140774,-0.0354854
-0.161588,0.113033
-0.0464263,0.128994
0.190992,-0.0480895
-0.0565889,0.0511566
0.0160909,-0.0980483
0.216628,0.163297
-0.0209128,-0.16937
-0.169843,0.0662786
0.212127,-0.212981
0.0501495,-0.0281915
-0.199934,0.106609
-0.150067,-0.229431
-0.111492,0.149777
0.00688955,-0.195479
0.17935,-0.12257
0.188414,0.171415
-0.170148,0.216491
0.167737,0.139554
0.0205618,-0.0814768
0.0604038,0.00127414
0.207778,-0.135128
0.221755,-0.0572146
-0.173719,0.0209586
0.196181,-0.241134
-0.0421232,-0.00675222
-0.141186,-0.009682
0.231262,-0.108104
0.140255,-0.187452
-0.0308313,-0.0478912
-0.0252922,-0.246933
-0.151975,0.117489
-0.137249,0.0664006
0.0860698,0.0383236
0.188627,-0.15585
-0.074778,0.1882
0.183241,0.188734
-0.0772042,0.0517212
0.173292,0.0285577
-0.181822,0.0867718
0.00701162,-0.0969497
-0.00957519,-0.0857341
-0.202483,-0.204527
-0.227752,-0.0614261
-0.126034,-0.158322
0.136227,-0.148267
0.0813852,-0.00695059
0.0184103,0.224548
-0.180113,-0.0383541
-0.204375,0.137768
-0.0363704,0.0256432
0.181455,0.0564669
0.0503327,0.0233085
0.0568026,-0.0994217
-0.118099,0.113567
0.000801116,0.0149922
-0.0731147,0.131298
0.0374538,-0.00791192
0.165235,0.115413
-0.13638,0.0499817
-0.233947,-0.161939
0.0743507,-0.0804697
0.239166,-0.0872448
0.150555,-0.0566652
-0.0494171,-0.190107
0.225295,-0.160367
0.143292,-0.142529
-0.10612,-0.165525
-0.146802,0.0554293
0.0835368,0.115215
-0.138592,-0.218551
0.248291,-0.191786
0.0730995,0.216659
-0.0952864,-0.0656377
-0.0360042,0.0689184
-0.225967,0.0450682
-0.0153737,-0.0775704
0.0463958,-0.00792718
0.0633793,-0.208876
0.0326777,0.0342647
0.0986892,0.204543
0.219893,0.23439
0.0812174,-0.096263
-0.00476852,-0.150967
0.236526,-0.0238731
0.0548646,0.164975
-0.171293,0.00646231
-0.237106,-0.0154042
0.0160909,0.0728248
-0.0238578,0.21437
-0.100978,0.165387
0.100307,-0.241562
0.150876,-0.143872
-0.106731,0.171537
-0.127483,-0.202269
-0.218886,-0.226699
0.0611973,-0.120449
0.202406,0.178083
-0.165815,0.119152
0.246384,-0.0574587
-0.201964,0.117077
0.10081,-0.215178
0.203856,0.153439
0.0750374,0.0779672
-0.220595,-0.245895
0.213775,0.0709479
-0.121349,-0.195189
-0.232681,0.0403226
-0.160855,0.0411466
0.0340663,-0.174299
0.1882,-0.00727104
-0.159665,-0.0478912
0.0882366,0.209624
0.173933,-0.207549
0.162091,-0.150952
0.236312,-0.026986
0.0886792,-0.0494476
-0.0705054,-0.0246055
0.109996,-0.022103
0.0432371,0.137768
-0.16026,-0.0445036
0.157743,0.00867489
0.0143208,-0.222106
0.0281762,-0.243454
0.0769143,0.0200736
-0.0340358,0.0880077
0.235153,-0.173078
-0.0170827,-0.122082
-0.116939,0.209975
0.213698,-0.0351955
0.0279168,-0.170621
-0.117885,-0.185881
0.112453,0.0895032
-0.172819,0.00292215
-0.126553,0.125958
-0.145886,0.229064
0.126919,0.0125355
-0.0736335,-0.202345
0.120602,-0.234115
-0.0359737,-0.211394
-0.155255,-0.0238578
-0.235733,-0.142529
-0.0587863,0.141766
-0.190458,-0.1264
0.102046,0.0364925
-0.0209738,-0.151883
0.0978194,0.18675
-0.0709174,-0.144864
-0.173475,-0.212584
0.158246,-0.100734
0.0236442,0.13435
0.022454,-0.0674993
0.0238273,-0.0985824
0.216048,-0.0263146
0.215209,-0.159314
-0.0158162,0.033578
0.0763802,0.23323
0.0824686,-0.201201
-0.0626163,0.169309
0.249084,-0.222335
-0.145322,-0.0142903
0.205428,-0.13905
0.241073,-0.0616398
-0.0494629,0.000984222
0.141186,-0.0615024
-0.134808,-0.0380795
-0.206923,-0.0695593
-0.108837,-0.155545
-0.133435,0.238998
-0.198698,-0.161878
0.0189291,-0.0351802
-0.173933,-0.0958357
0.158658,-0.244247
0.152081,-0.157712
0.0577792,0.0322047
0.0584811,-0.0557649
0.203597,-0.00527208
0.206481,0.187513
0.0300379,-0.0079577
-0.15202,0.172178
-0.080195,0.0775399
-0.0313501,-0.246048
0.117473,-0.167768
0.131268,0.076838
-0.0556734,-0.217345
0.0348293,-0.0419858
-0.044229,-0.00856808
0.0552309,-0.171247
-0.0684759,0.148892
-0.217193,0.183851
-0.160398,0.243805
-0.177213,0.243072
0.164518,0.141324
-0.126095,-0.222381
0.240249,0.146283
-0.148968,-0.195128
-0.0210501,-0.120083
0.0673772,0.104167
0.135586,0.048349
0.241882,-0.242813
-0.000602737,-0.069483
-0.152615,0.165983
0.152768,0.164304
0.0653478,-0.248733
0.188093,0.158307
-0.137509,-0.21498
0.0232322,0.207991
-0.0447325,0.0595187
0.206328,0.143872
0.17758,-0.153241
-0.14967,0.0901288
0.0174184,-0.149121
0.0882519,0.161725
-0.161756,0.106868
0.18936,0.178022
0.0502869,0.0287561
0.227218,0.221267
0.247894,0.060297
-0.0598697,0.117824
0.0782418,0.131359
0.174574,0.170392
-0.142941,-0.12701
0.0521485,0.219359
0.197233,-0.205397
-0.248978,-0.138607
0.165433,-0.12402
0.0420621,-0.096675
0.233032,-0.222427
-0.029519,-0.120434
0.0362636,0.122051
-0.176206,0.211119
0.211898,0.0502869
-0.223678,-0.165784
-0.176618,0.00484481
-0.148816,-0.122982
0.143796,-0.055826
0.0902966,0.212096
-0.189436,-0.0594424
0.0729469,-0.036935
0.118114,-0.135037
0.17375,-0.206496
-0.0364162,0.112011
0.200316,0.0562075
0.211821,0.0680029
-0.198439,0.130795
-0.00542466,-0.224654
-0.212889,0.0281304
0.210219,-0.00373089
0.248459,0.08932
0.239029,0.129162
0.122387,-0.142453
0.140103,0.180631
0.0877331,-0.0489593
-0.154767,0.246139
-0.0646458,0.0149312
0.11552,0.202834
-0.197295,0.0804849
-0.223739,0.0671484
-0.0869091,-0.0902966
-0.00408185,0.22084
0.210524,0.153287
0.124416,-0.0420316
0.0306024,-0.0998031
-0.143124,0.0567263
0.198378,-0.0528504
0.238098,-0.171628
0.193312,-0.134304
-0.226684,-0.15286
-0.227538,0.195463
0.161359,-0.186232
0.192259,-0.158643
-0.0848491,-0.243942
-0.0806833,0.00321206
-0.114177,0.0193716
-0.0284356,0.215453
-0.0444273,-0.249695
-0.220519,-0.174421
-0.0848338,-0.1732
0.208647,-0.0109638
-0.208312,-0.0626163
0.13403,0.00888851
0.14201,-0.236755
0.206648,0.0983383
0.0777535,-0.0341731
0.203246,-0.105815
0.0373775,-0.0668432
0.0995895,-0.20056
0.0708564,-0.011803
-0.241958,-0.0168081
0.152737,0.0122608
-0.130016,0.115627
-0.21086,0.186399
0.0437559,0.166852
-0.0656529,-0.195708
0.178831,-0.152982
-0.0174795,-0.140469
0.0164876,0.0163808
-0.149716,-0.139813
0.0082171,0.143017
-0.0841777,0.0744117
-0.108119,0.136715
-0.170133,0.159574
0.116512,0.136853
-0.0354244,-0.121654
0.00652334,0.082545
0.0155873,-0.145001
-0.194288,0.143078
0.0231102,0.0745796
-0.00826289,-0.163114
-0.172422,0.078608
0.00177771,-0.0828349
0.225402,0.0601138
-0.240081,-0.147946
-0.159375,-0.18881
0.147,-0.0221488
-0.0219047,0.226241
-0.196669,0.153134
-0.0264824,-0.186079
-0.0947981,-0.00812556
-0.193617,-0.0787454
-0.194502,0.00405133
-0.00890377,0.122433
0.179304,0.221267
0.0121082,-0.0239799
0.0649663,0.13612
-0.181394,0.103435
-0.0586947,0.0330744
0.144467,-0.208312
0.231658,0.0389798
0.16879,0.0739235
-0.124966,-0.0283441
-0.216765,-0.00974303
-0.144284,-0.185835
-0.0188376,-0.0171895
-0.168943,-0.106548
0.134518,0.127316
0.248856,0.0910901
0.174131,0.155011
0.0943556,0.164274
-0.0611515,-0.0324793
0.158063,0.00556201
0.209349,0.0981399
-0.0356532,-0.0810343
0.191984,-0.177534
-0.247909,0.240875
-0.0313196,-0.128384
0.147549,-0.116207
0.178053,-0.0489135
-0.0797677,0.131191
-0.0562838,0.0183493
-0.0374538,-0.238845
-0.184721,0.022515
-0.116451,-0.172346
0.237655,0.0588168
-0.142361,0.176832
-0.185789,0.141491
0.118831,0.0269097
-0.120251,0.0477233
0.240951,0.189756
0.148373,-0.0637608
0.0948439,-0.237976
-0.047647,0.193205
0.12286,-0.135678
-0.162534,0.208937
-0.178785,-0.243851
0.0302667,0.0383846
0.0712683,-0.0948592
0.0431608,0.14848
0.209746,-0.161603
-0.0672399,0.20555
-0.0209281,-0.145764
-0.022805,0.105937
0.248169,-0.0775857
-0.21202,0.202803
0.144238,-0.149106
0.122127,-0.0675451
-0.0134358,0.0474181
-0.0900525,-0.206832
0.162412,-0.0461211
-0.235473,-0.120357
-0.163846,-0.0183187
-0.0120014,-0.0736946
0.13197,0.026223
-0.159284,0.0624485
0.180677,-0.111431
0.0886792,0.232543
0.171644,0.182493
0.0948897,-0.0154805
-0.199919,0.0550172
-0.0297021,0.0795846
-0.249466,-0.201491
0.0499054,0.126171
0.107051,0.1826
0.209792,0.191679
-0.169233,0.0837352
-0.209578,0.0947066
0.195631,0.240997
0.142239,-0.168836
-0.177519,0.215835
0.0586642,-0.162687
0.202712,-0.115947
0.112774,0.0427336
-0.148511,0.0381558
0.162564,-0.0834452
-0.0182272,-0.0717566
0.041055,-0.0400479
-0.160733,-0.180631
0.196486,-0.151929
0.089259,-0.106243
-0.201765,0.174482
-0.104335,0.0757851
0.0744575,0.00118259
0.0833537,0.107952
-0.103603,0.167661
0.0238273,-0.0439695
-0.124172,0.061594
0.135357,-0.128643
-0.00951414,-0.19528
0.137875,0.188475
0.00354779,0.0569094
-0.0465178,0.186293
0.192793,-0.108623
-0.107021,0.0908307
0.154752,-0.0555055
0.0192343,0.0477386
0.199873,-0.207045
-0.172101,0.14256
0.10403,-0.238205
0.136151,-0.203001
0.232086,0.11607
-0.179945,0.119488
-0.200819,-0.160627
-0.2088,0.0376217
-0.214568,-0.0472808
-0.146817,-0.20877
-0.230651,0.0761513
-0.171384,0.113903
0.196104,0.186995
0.0973312,0.180876
-0.154294,-0.222655
-0.0638371,0.151975
0.0173269,-0.135846
-0.198576,-0.112804
0.194731,0.0549409
-0.0559938,0.163297
0.208983,0.122311
-0.00154881,-0.0304804
0.163816,-0.209563
-0.0639439,0.210601
0.139355,0.186537
0.0229576,-0.105052
-0.0604038,0.160413
0.173734,0.136532
-0.100246,-0.0744881
-0.158902,0.0481201
0.0185324,0.224212
-0.167631,-0.145459
-0.068598,-0.0293054
0.193327,-0.196516
-0.00980407,0.0745186
0.0500275,0.202513
-0.0351344,-0.102062
0.0493561,0.160047
0.132916,0.0501495
-0.211272,-0.141339
-0.22795,-0.0283898
-0.124218,-0.0613193
-0.178007,0.0114673
0.00844601,-0.179823
0.230651,-0.0486999
0.216231,0.041818
-0.249527,0.178266
0.153287,-0.0558718
0.201003,-0.0391476
0.0837962,-0.224181
-0.0377438,0.0301752
-0.0496155,0.0510346
0.215743,-0.0798746
0.166227,0.235641
0.197829,-0.230499
0.0212638,0.0908612
-0.0184408,0.0390713
-0.156537,-0.247879
0.0524537,-0.153256
-0.194456,-0.128445
0.193754,-0.125668
0.0177541,-0.0981552
-0.0530488,0.0483337
-0.202544,-0.149945
0.163175,-0.0514923
-0.243851,0.0792337
-0.0891675,0.147092
0.0944624,-0.0141835
-0.244369,-0.0683233
0.245697,0.131466
0.177992,0.115154
-0.241256,0.156781
0.143933,-0.114437
0.0608768,0.0556581
0.0949202,-0.100719
-0.00904112,0.137921
-0.127773,0.070246
0.243851,-0.241333
-0.158536,-0.241165
0.116573,0.1423
0.233062,-0.186811
0.196867,-0.120647
-0.0360195,0.16615
-0.115291,-0.0755104
-0.0432524,-0.0589999
-0.112529,0.173337
0.221007,-0.230697
0.0794473,-0.0532929
0.213408,-0.226531
-0.133969,-0.0397885
0.241531,-0.0822855
-0.0563143,0.107204
-0.0726875,0.180265
0.0958052,0.133435
-0.004326,0.249878
-0.0845592,0.0313807
-0.0960494,0.200056
0.0955001,0.232498
0.0778604,-0.156217
0.17671,-0.0747322
-0.230605,0.222167
-0.105556,0.0776772
-0.197432,-0.0701239
0.0147328,-0.00849177
0.222335,0.230728
-0.199934,-0.0326167
0.112514,0.166349
-0.00411236,-0.0920667
0.0983993,0.111232
-0.021981,-0.0621281
-0.200682,-0.0228965
-0.0479827,-0.131466
0.247284,0.0198294
-0.155255,0.0855052
0.0367977,-0.0478912
-0.220824,0.18701
0.222045,-0.185179
-0.227432,-0.048471
0.226547,-0.189665
0.0490966,-0.037286
-0.218825,0.050882
0.10725,-0.0306177
0.156247,-0.0749458
-0.0671484,-0.190718
0.202986,0.0356533
-0.0019303,-0.0256584
-0.0296716,-0.0881604
-0.0626774,0.145581
-0.0874584,-0.0510651
0.0404599,-0.224075
-0.0468078,-0.22116
-0.0460295,0.0491729
-0.0787759,0.0242851
0.230972,-0.207396
0.124844,0.139828
0.120159,0.172437
0.078547,-0.206832
0.23497,0.249054
0.149213,-0.0105976
-0.00702688,0.221053
0.1367,-0.108364
-0.0333796,-0.0641423
0.0547121,0.0410245
0.0355769,-0.0050737
0.127453,-0.0706275
-0.0184561,0.0319453
-0.232391,0.127346
-0.0839488,-0.00812556
0.0516602,-0.0785318
0.181852,-0.0107959
-0.0424131,0.163114
0.118679,0.0734504
-0.118847,-0.217574
-0.166303,-0.0201651
0.196013,0.170545
-0.132229,0.193632
-0.12672,-0.117107
-0.102565,-0.0939894
-0.0733894,-0.132778
-0.135937,0.189695
0.197752,0.168806
0.170118,-0.0277032
0.248733,-0.183454
-0.166501,0.135846
-0.123867,-0.157086
0.2406,-0.179746
0.0129627,0.140545
-0.111507,-0.240875
0.0338832,0.109096
-0.242859,0.225845
0.2294,-0.204772
0.201918,-0.0819346
-0.0353633,-0.0211722
0.00746942,-0.140927
-0.211699,-0.0913648
-0.00675222,0.143551
0.0073626,0.140469
-0.188658,0.10638
-0.00664541,0.181089
-0.172468,0.242431
0.235626,-0.109188
0.225677,-0.044702
-0.0926923,-0.151883
0.226669,-0.0365078
-0.0403531,0.129238
0.0620213,-0.0582369
0.0102313,0.205901
0.0931806,0.226043
0.0407804,-0.085612
0.216765,0.159894
0.170179,0.199065
-0.0533387,-0.0891827
0.018334,0.0832774
-0.186415,-0.165769
-0.073603,0.0711615
-0.0275048,0.213607
0.0491729,-0.0670568
0.158704,-0.0454802
0.0850932,0.0774941
-0.116756,0.0611667
0.159604,-0.0354091
0.00823236,-0.027047
0.127514,-0.239441
0.0924635,0.0898236
-0.190199,0.190214
0.14845,0.0639744
-0.0692541,-0.212065
0.201003,0.18646
-0.229186,0.00174719
-0.21173,-0.0534913
-0.199065,-0.147412
-0.204146,0.0919752
-0.186018,0.102748
-0.235611,-0.231277
-0.18112,0.135907
0.0615329,0.0674078
0.212951,0.00244913
0.0587863,0.0553682
-0.00167088,-0.167096
0.20381,0.122341
0.0579775,0.0725043
0.128857,0.217437
-0.243332,0.240341
0.186064,-0.193983
-0.116909,0.166013
0.0499817,0.124462
0.198134,-0.0931043
-0.221801,0.06077
0.105388,-0.200758
-0.0293817,0.23938
0.209395,-0.15379
-0.0821329,0.138104
-0.222991,-0.104198
-0.12019,-0.1844
-0.132046,-0.187819
-0.115673,0.0771432
0.149701,0.0931501
0.187391,0.15701
0.162732,0.136944
-0.215209,0.245727
0.0515839,0.111843
0.11642,-0.0599918
0.0272607,0.131146
-0.146756,-0.0561464
0.0767922,0.187162
-0.0916547,0.0984756
0.185453,0.0469298
0.0617771,0.0697577
0.0873058,0.0632115
-0.159406,-0.229156
-0.190275,0.103328
0.044351,-0.151639
0.0274438,0.0496155
0.0566042,-0.18994
-0.00820185,0.0740761
-0.166746,0.122372
0.0508209,0.140622
0.208403,-0.14433
0.0257958,-0.0619449
-0.0921583,0.205687
-0.0402005,0.19673
-0.0882977,-0.0312738
0.00402081,0.092204
0.0558412,-0.200499
-0.0425962,0.188871
0.0135121,-0.171033
0.225158,0.126843
0.0472655,-0.0291833
0.211867,0.00502792
0.172163,-0.00539415
-0.0851085,0.163663
0.120647,0.193419
0.233474,-0.180631
0.249878,0.224609
-0.240753,-0.244034
-0.218062,-0.0486389
0.0640813,0.0239036
0.0179067,-0.136547
-0.249817,-0.148267
-0.0841472,-0.0948897
-0.220962,0.222625
0.17407,-0.211608
-0.156171,-0.181104
0.209578,0.11993
-0.198302,-0.211898
0.172849,-0.0807596
-0.0688116,0.0332575
-0.110759,-0.143078
0.0303125,-0.0192648
-0.132092,-0.209441
0.121349,0.0288629
-0.231368,-0.0733589
-0.222549,0.130245
-0.032693,0.186583
-0.162839,0.210967
0.110652,0.104976
0.0220725,-0.120083
-0.199095,-0.161756
0.223525,0.131298
-0.199049,0.111721
-0.0261467,-0.00676748
-0.0994217,0.183226
-0.132076,-0.173933
-0.16551,0.151624
-0.0497375,0.222991
-0.107265,0.187986
-0.166166,0.216353
0.114162,0.0178609
0.0658666,0.242904
0.203413,0.232635
0.00626391,0.0708411
0.0622501,-0.241943
0.234451,0.141842
0.0758004,0.0582217
-0.249954,0.0314112
0.0441984,-0.0971633
-0.016686,-0.0196158
-0.0995743,-0.223601
-0.119488,0.200926
0.104961,-0.243225
0.0803476,-0.0900067
-0.142346,-0.0581606
-0.0533235,-0.206389
0.0178304,-0.248032
-0.0266045,-0.145322
-0.127224,0.186827
-0.173032,-0.152005
0.145764,-0.135968
0.0422758,-0.244919
-0.11639,-0.08137
0.137448,0.00229651
0.115169,0.0906171
0.163205,-0.124844
-0.0794626,0.0792947
-0.0475249,-0.167783
-0.197676,-0.00760674
0.0857341,0.171308
-0.000862151,-0.0321894
-0.162107,-0.248489
0.132122,-0.203383
0.122219,0.224029
-0.174802,0.12495
0.196852,-0.0252922
0.189436,0.0631657
0.149808,0.231994
-0.18762,-0.219527
-0.0721992,0.0425962
0.142926,-0.0870617
-0.0752052,0.0688116
-0.0877941,-0.13699
-0.104564,-0.0899457
-0.0185934,-0.181013
0.209716,-0.0979568
-0.243286,0.0721686
0.213713,0.0965377
0.0626316,-0.0399869
0.212661,-0.125057
0.113491,0.0134358
-0.158399,-0.101161
-0.0253533,0.136303
-0.160672,-0.149503
0.153226,-0.104671
-0.00862911,0.166608
0.209609,0.248352
-0.242553,0.218184
0.02987,-0.210723
-0.150815,0.140118
0.150128,-0.162198
-0.226318,-0.23703
-0.226867,-0.0481811
0.108379,-0.149258
-0.131939,0.191008
0.0231559,0.0971328
-0.00635548,0.209334
-0.184919,0.0838878
0.2359,0.00498214
-0.0286187,0.154202
-0.0995743,-0.0945998
0.026513,-0.09579
-0.149503,0.116024
0.228698,0.245773
0.131054,-0.0895032
-0.218368,0.243683
-0.230453,-0.20938
0.177198,0.180509
-0.105785,0.194273
-0.115658,0.0519044
0.0602664,0.0790506
-0.0897168,-0.0541169
-0.0752358,-0.0396664
-0.000770599,0.00898007
0.160794,0.231338
-0.0154653,-0.0477081
-0.248657,-0.156476
0.0597171,-0.199034
0.0540101,0.175748
-0.0158773,-0.160337
-0.223586,0.16963
-0.0112232,-0.0422758
-0.246139,0.0599307
-0.102092,-0.153378
0.168882,-0.22232
0.232177,-0.246704
0.104198,-0.145718
-0.191267,0.242141
0.0691015,-0.0952559
0.104152,0.168867
-0.10992,0.0180899
-0.104503,-0.180387
0.106532,0.133175
-0.0544221,-0.0819803
-0.238357,0.227935
0.247543,-0.0463652
0.229797,-0.0996963
0.0947523,0.0347987
-0.0296258,0.168775
-0.00840022,0.219008
-0.150784,0.0708258
0.17053,0.0239494
-0.0820414,-0.112575
0.231323,0.0724128
-0.208022,0.0715125
0.168027,0.0739235
0.0176626,0.208678
-0.200865,0.096614
0.0695898,0.0884198
-0.133145,-0.167844
-0.131924,0.213622
-0.179228,-0.192976
-0.0419401,-0.173246
0.0518586,0.243103
0.239517,-0.219161
0.0921888,0.0208823
-0.109554,-0.166898
0.0462126,-0.0515687
-0.127239,0.189848
-0.231017,-0.211104
0.161908,-0.119854
0.0571993,-0.249863
0.0905255,-0.212935
-0.131573,-0.110637
-0.0526978,-0.086024
-0.165586,0.1358
0.221099,0.214476
0.0838725,-0.115184
0.131283,0.0638829
0.140469,-0.133587
-0.165159,0.200468
-0.0882977,0.24118
-0.0491424,0.214553
0.0341426,0.12698
-0.207045,-0.0865276
0.0908002,0.00939208
-0.0495392,0.140866
-0.0338679,0.239181
0.10876,-0.122082
-0.145535,0.0695746
0.249542,0.205199
0.187254,-0.0630589
0.121578,-0.0472045
-0.00505844,-0.0623875
0.122631,0.117153
-0.0308771,0.204222
-0.0169454,-0.127407
0.240326,0.134396
-0.108074,-0.244232
0.137387,0.175413
-0.0440001,-0.14906
-0.0560701,0.117321
0.132412,0.0544527
-0.082606,0.098262
0.0256432,0.24649
0.0864666,-0.225433
0.189329,-0.0519654
0.0924635,-0.140728
-0.176435,-0.208525
0.0902508,-0.0183187
0.00838497,-0.117321
-0.0255516,0.071543
-0.136044,-0.117199
-0.0537049,0.220672
-0.221786,-0.111904
0.187117,0.225204
0.0924787,-0.0645238
0.153745,-0.238281
-0.114422,0.212371
-0.238281,-0.0997421
0.247543,-0.201369
-0.0282067,-0.0926923
0.182813,0.0190665
0.0452818,0.0420621
0.0342036,0.234085
-0.0158315,-0.20117
0.0679724,0.147214
-0.0787759,-0.200911
0.110485,-0.0427183
-0.0239341,-0.214232
-0.122555,-0.066599
-0.157376,-0.0765481
-0.113903,0.240951
0.123653,-0.142727
0.090968,0.0966292
0.177931,0.233703
0.133953,0.0808969
-0.0040971,0.13638
-0.150784,0.185514
-0.130917,0.140225
-0.0862224,-0.075251
-0.13081,-0.0633946
-0.216063,0.0881298
-0.0976669,0.233184
-0.191328,-0.0371334
-0.14584,-0.118908
0.160428,0.104213
0.0913648,-0.0671026
-0.0262688,-0.0182119
-0.164792,0.0842692
-0.167325,0.0799356
0.172971,0.202681
-0.0025254,-0.219619
0.222411,-0.10403
0.010979,0.10522
0.215377,-0.175733
0.0757088,0.148312
0.0159688,0.208083
-0.158063,-0.226592
-0.161176,0.235748
-0.002266,-0.0930281
0.183256,-0.176344
-0.198912,0.00366986
0.248856,-0.0681402
-0.0546815,0.0131306
-0.151868,-0.111354
-0.102062,-0.0743965
0.0819346,-0.0730384
0.103893,0.224883
-0.206984,-0.114086
0.193602,-0.173368
0.0637455,-0.219619
0.0864971,-0.169874
-0.22676,0.191984
0.13081,0.161695
-0.0201804,0.184355
0.16998,-0.0623112
0.144116,0.196104
0.176542,0.125561
-0.0412229,0.11433
-0.156049,-0.169294
-0.199767,-0.0180746
-0.2229,-0.212447
0.0680334,0.0419248
0.172071,-0.117244
-0.0724128,0.0716651
0.125683,-0.211165
0.221953,0.210341
-0.0342189,0.0362941
0.0679113,0.232696
0.242416,0.102214
-0.0974074,-0.0278253
-0.229186,-0.156293
-0.00434126,-0.153317
-0.133038,-0.145734
0.192961,0.189879
0.165876,0.0708716
-0.0925398,-0.158689
0.163678,0.210341
0.122585,0.198576
-0.126019,-0.13699
-0.0758919,0.184324
0.239029,-0.178434
-0.174177,-0.168455
0.186399,-0.0265587
-0.0950423,-0.0598086
-0.0281762,-0.165189
0.0125507,0.00804925
0.198836,0.0543764
0.0749153,-0.110698
0.155698,-0.0351497
-0.248703,-0.116268
-0.139615,0.010567
-0.0361415,0.209578
-0.0457701,0.129147
0.0650731,0.0635319
-0.165235,-0.0847117
0.158658,0.22055
0.168516,0.145154
-0.160596,-0.122982
0.174192,-0.0111469
-0.132488,0.190092
-0.182798,-0.00998718
0.0432066,0.216399
-0.194304,0.139599
-0.202956,0.20349
0.0291833,0.122921
-0.238128,-0.0632572
-0.170026,0.0674383
-0.158353,0.0951643
0.24852,-0.13023
0.043054,-0.180967
0.132672,-0.0701392
0.0854595,-0.0572909
-0.247879,-0.129482
0.0547731,0.095439
-0.191786,0.0704749
0.116848,0.123623
-0.0201498,0.0889233
0.0561922,0.037286
-0.103771,-0.190031
0.155362,-0.0656377
0.176984,-0.115246
0.180845,0.105388
-0.0697577,-0.200316
-0.00887325,-0.227905
-0.150616,0.148663
0.0322504,0.162976
-0.200942,-0.062418
0.236877,-0.121258
0.031045,-0.00069429
0.0921735,-0.248932
-0.0793558,-0.15318
-0.107662,0.147641
-0.135815,0.0432981
-0.0586947,-0.073603
0.228362,-0.0833232
0.221252,-0.00730155
-0.00818659,0.197295
-0.207488,0.161756
-0.0301294,-0.0938368
-0.0592593,-0.219939
-0.237197,0.0728401
-0.163511,-0.19116
-0.181562,0.109996
0.223373,-0.177778
0.249512,-0.0763039
-0.100047,0.123836
-0.203291,0.0870769
0.0114673,-0.065363
0.0777535,0.155484
-0.0835826,-0.14494
0.0131458,-0.0484405
0.144238,0.0548952
0.0695135,-0.102
0.209319,-0.106456
0.210753,0.226379
-0.20294,-0.0756325
0.197935,0.140027
0.0877331,-0.014214
0.12843,-0.240799
0.233535,-0.167631
-0.145093,-0.0734657
-0.245361,0.00925472
0.174863,0.201018
-0.130108,-0.0772805
-0.0687964,0.118496
0.0275658,-0.189787
-0.0852306,0.0470519
0.15202,0.062952
0.208998,0.215087
-0.128216,0.104122
-0.132214,0.240402
0.244781,-0.224075
0.0669347,0.23851
0.246078,-0.0614719
0.119762,-0.16203
0.0340968,0.234024
-0.00223549,0.181288
-0.239181,0.218505
0.246597,0.239059
-0.0586337,-0.18437
-0.0616398,0.015923
0.148892,-0.205596
0.0505463,-0.0237968
0.0503479,0.224532
-0.0876415,-0.232742
0.0486236,0.112468
0.109127,0.0689642
0.0467162,0.171293
-0.0147938,0.147229
0.0996963,-0.0725349
0.136334,-0.0602969
-0.0300684,0.117595
0.0317011,-0.247986
-0.148755,0.0783334
0.156583,-0.107768
-0.222259,0.0827281
-0.183882,-0.177961
-0.0173574,-0.174161
-0.00908689,0.152753
0.223159,0.0128712
-0.115184,0.0639897
-0.163404,-0.246872
0.055948,-0.026574
0.0438017,0.21263
-0.22879,0.0357143
-0.235061,0.228607
-0.024865,-0.201613
-0.0360347,-0.160825
0.0134816,0.0934706
-0.213225,-0.0688421
0.0025712,-0.00777459
0.00905636,-0.040994
-0.0154653,-0.0983077
0.0592593,-0.0616855
-0.240585,0.130993
0.132473,0.166898
0.0346614,0.00524154
0.160688,-0.123608
-0.217391,-0.144223
0.155118,-0.232269
-0.0534303,-0.0358364
0.186293,0.133541
-0.113735,-0.211333
0.0173422,0.0205161
0.203017,0.0509735
0.156415,0.135037
-0.164502,0.0113147
-0.156583,-0.0549562
0.0667821,0.0103992
0.237228,0.181288
-0.167249,0.105876
-0.181547,0.191115
-0.026635,-0.118297
-0.226119,-0.151944
-0.183439,-0.241409
-0.122158,-0.0299768
0.236023,-0.116619
0.136288,-0.05047
0.0730079,-0.0741981
0.209273,0.048883
0.0632878,-0.139538
-0.122753,0.0636082
0.159406,0.062418
0.0671026,-0.1929
-0.110866,-0.205748
0.2032,0.119793
0.140728,-0.0870312
-0.100612,-0.14436
0.0154958,-0.125362
-0.242599,0.0496002
0.138424,-0.134884
-0.212706,0.218581
0.0673925,0.134823
0.215682,-0.000526443
0.19171,-0.134335
0.197081,0.0772805
-0.239563,0.148556
0.194533,0.106151
-0.068598,-0.100917
0.0444579,0.0770516
-0.0189749,-0.20999
-0.0280541,-0.165464
0.0662786,0.0284814
0.0716956,0.196287
0.17877,0.055948
0.0205466,-0.121883
0.181898,-0.000801116
0.0369503,0.178037
0.0716956,-0.0495086
-0.146741,0.121868
-0.148129,-0.0952254
0.216262,0.0242546
0.16377,-0.0675451
0.181623,0.167585
0.0617923,-0.0845439
0.218032,0.0523469
0.0749916,-0.0749611
-0.113628,-0.0781655
-0.0545442,0.0692236
0.109905,0.0143971
0.183988,-0.111858
-0.199293,0.246353
-0.166211,0.125332
-0.141675,-0.221297
0.0830027,-0.0468993
-0.193983,0.17082
0.116115,-0.0197378
0.0804086,0.074015
-0.154386,0.119991
0.24002,0.168439
-0.0860393,0.146344
0.108409,-0.203887
0.106716,0.0173269
0.117489,-0.00637074
0.0674688,-0.207366
-0.133328,-0.122982
-0.0449004,0.224395
0.163495,0.082606
-0.0658818,-0.151425
0.0611515,0.216521
0.138577,0.155972
0.15904,0.0160909
0.000190735,0.169904
0.181257,0.176405
0.0815226,0.00963622
0.0993301,0.0448546
-0.19554,-0.232849
-0.185636,0.137112
0.21498,-0.224517
0.164457,0.177488
0.174589,0.0968276
-0.227203,0.116787
0.119198,-0.191557
0.00252542,-0.169126
-0.224044,-0.0852916
0.033227,-0.0470061
-0.0212332,-0.0369961
-0.174497,0.0430692
-0.0270165,0.192045
-0.0113605,0.0468688
-0.149884,-0.209548
-0.182707,0.248627
0.00293741,0.0939283
0.0127949,0.16966
0.241714,-0.201231
-0.145489,0.116573
-0.0377132,0.0204398
-0.162809,-0.168043
0.00647756,-0.22528
0.0396359,-0.0492492
0.10551,0.210051
0.240509,0.215362
0.0470366,0.16876
0.046762,0.152722
-0.043527,-0.0942946
0.050531,0.166486
-0.166837,0.0421995
-0.220229,0.247162
0.232162,0.0833384
-0.0413297,-0.246261
0.231948,0.0770516
-0.156919,-0.030282
0.0790963,0.242828
0.146878,-0.113567
0.150266,0.148251
-0.17526,-0.0825449
0.122127,-0.238418
0.227035,-0.00363933
-0.00998718,-0.0415738
-0.107723,-0.238296
-0.174223,-0.189451
-0.00696585,-0.218047
-0.0844523,0.235183
0.200789,0.0234916
0.168043,-0.167341
-0.0148396,0.0150227
-0.0661565,-0.0091937
0.113674,-0.0886486
0.12672,0.0839335
-0.132992,-0.0902661
-0.212996,-0.155332
0.235916,0.221831
-0.0217215,0.236938
0.115032,0.0544374
0.157422,-0.0921888
-0.240387,-0.197737
-0.090846,0.0468078
0.020394,-0.0943861
0.185301,0.230361
0.122402,0.0762734
-0.0604038,0.0798135
0.00348675,-0.155332
-0.201292,-0.188826
-0.0220573,0.131558
0.159955,0.00431073
0.240905,-0.203001
-0.143735,0.170255
-0.0207144,-0.129666
-0.220473,-0.0557039
0.104793,-0.0863598
0.102123,-0.0166555
-0.1255,0.222289
-0.0120167,-0.104625
-0.0850932,-0.184584
-0.0664769,-0.220702
-0.0851237,-0.0802103
0.128994,0.203352
0.00304422,-0.100414
-0.0190207,0.199889
0.0756477,-0.164014
0.186735,0.10519
0.0899457,0.208998
0.000770599,-0.178114
0.089198,-0.11491
0.0846355,-0.167478
-0.0252312,-0.136349
0.0800882,0.0420774
-0.209258,-0.0147633
-0.203261,-0.222259
0.0371029,0.0549409
0.154508,0.0242698
-0.223434,0.0839488
-0.228515,0.222427
0.0513398,0.10226
-0.161832,0.209319
-0.125317,0.246002
0.168119,0.128368
-0.186338,0.0721076
0.0663396,-0.112865
-0.0719245,-0.196211
-0.0945998,-0.00887325
0.0815378,-0.0402463
0.0504242,-0.168332
-0.109661,0.0702765
0.0230644,-0.243927
-0.174451,-0.0666143
0.0456176,-0.0019303
0.234008,0.114284
-0.144482,-0.203185
-0.206008,0.14079
-0.0690405,-0.217574
0.171094,0.0985061
0.0183035,-0.0437254
-0.11024,0.0783486
0.101894,-0.155896
0.18646,0.179792
0.206832,0.150189
-0.14024,0.022866
0.175367,-0.00951414
-0.116665,-0.027871
-0.19232,0.0331202
-0.203032,0.0255974
0.00739312,0.124172
0.141751,0.0719398
-0.177412,0.226974
-0.0452361,-0.031106
0.0231559,-0.247116
0.0889996,0.146069
0.10461,0.112026
-0.126019,0.185377
-0.140469,0.0616092
-0.117,0.0820719
-0.0930281,0.180433
-0.177702,0.139569
-0.179731,0.0474029
-0.19203,0.201201
0.244507,-0.0477691
0.0462279,0.17201
0.14346,0.216674
0.182569,0.0337153
0.0673772,-0.0461058
-0.164457,-0.19406
0.0816599,-0.155103
0.0806833,0.156873
0.247436,-0.240722
-0.0997421,0.116436
-0.205535,-0.200987
-0.135449,0.0951948
-0.122936,0.0932111
0.0600681,0.161985
0.0536287,-0.0780129
0.0305566,-0.216552
-0.119503,-0.00254066
0.246292,-0.0212943
-0.239425,-0.0197531
-0.132687,0.0920209
-0.0623722,0.0592746
-0.183683,0.136944
-0.223495,0.173368
-0.0734809,-0.0852458
0.220367,0.202391
0.180631,-0.139569
0.0649968,0.206359
-0.193999,-0.180586
-0.0585574,0.0405209
0.242141,0.207961
0.147046,-0.0755715
0.24556,-0.239456
0.215789,-0.206587
0.148251,-0.182615
-0.131375,0.0102619
0.0349971,-0.145138
0.234268,-0.234619
-0.144772,0.212493
-0.019097,0.243759
0.235061,0.219131
-0.249939,-0.113735
0.00524154,0.171903
0.0325861,-0.175718
0.210433,-0.129437
-0.122417,-0.185072
0.115703,0.160886
0.0752205,-0.244476
-0.0244682,0.189741
0.203627,0.105373
0.0813242,-0.174604
0.180662,-0.207335
-0.14729,-0.0540712
0.211303,-0.0648289
-0.0114673,0.0488067
-0.228912,-0.0478149
-0.057062,-0.114925
0.0163808,-0.103496
0.242386,0.0709479
-0.238205,0.0840861
-0.0910138,-0.1199
-0.0839335,-0.150311
0.00608081,0.169813
0.0160604,0.00673696
0.0712378,0.143872
-0.249634,-0.16081
-0.0471129,-0.0943251
0.112758,0.204085
-0.184309,0.0044786
0.0759072,0.0721381
-0.169416,-0.0722297
-0.0734504,0.0853984
-0.185102,0.243286
0.152219,-0.0407041
-0.161542,-0.156644
0.0203635,-0.192366
0.0609989,-0.00486007
0.240616,0.218657
-0.183302,0.149426
-0.149503,0.160077
0.21147,0.211455
0.215545,0.041406
0.248398,0.226821
-0.215789,0.0116657
0.24733,0.185438
-0.0116504,-0.179548
0.0739387,-0.103145
-0.0702307,-0.179228
-0.0561159,0.140042
0.243637,-0.0585421
-0.181974,0.0405209
-0.220931,0.207488
0.153882,-0.121609
-0.0119404,0.136303
0.0291528,-0.219985
0.162687,0.0882519
-0.0968123,-0.00336467
-0.0882519,-0.100856
0.0314417,0.223022
0.0174184,-0.126705
-0.200911,0.159314
0.0620365,-0.0350581
-0.0108264,-0.230819
-0.0335475,0.226318
-0.249115,-0.0626926
-0.170194,-0.149564
-0.216262,-0.0205466
0.211898,-0.113247
0.00316629,0.208205
0.248383,-0.042291
0.203139,0.00751519
0.239822,0.0545442
-0.0185018,0.119137
0.104747,0.240158
-0.056238,0.0940962
-0.162137,-0.162595
-0.0494171,0.112285
-0.136502,-0.0690252
-0.0749306,0.123501
-0.0746254,-0.239395
-0.0149464,0.0126576
-0.0969191,-0.165693
-0.0836131,0.242798
0.195891,-0.160764
-0.247436,0.178541
0.0646458,0.178648
-0.0235832,0.043466
0.0722602,0.21292
0.1096,0.21437
0.0134053,0.032815
0.205199,-0.194502
-0.0257805,-0.156888
0.00957519,0.246139
-0.087611,-0.215377
-0.191496,-0.195875
-0.101527,-0.227065
0.223663,-0.240753
-0.0911359,0.181791
-0.0251244,0.178816
-0.188734,-0.0506684
-0.126141,-0.00101474
-0.0669042,-0.0645848
0.0649968,-0.134976
-0.146512,0.107891
-0.221206,-0.0667058
-0.190306,-0.113857
0.113735,0.0883587
-0.141797,0.220107
0.111919,-0.221755
0.181486,0.232543
0.144482,-0.0789285
0.180769,0.00313577
-0.127911,0.0859325
0.245727,-0.177854
-0.20378,-0.0986129
-0.158643,-0.00794244
0.16699,-0.10522
-0.196944,0.00504318
-0.237091,0.215026
-0.0198599,0.17468
-0.19142,-0.0574435
0.118801,0.0497986
0.0454497,-0.0606937
0.124767,0.188734
0.221587,-0.0583285
0.0966903,0.122021
0.0161367,-0.150052
-0.229568,0.0817057
0.163892,-0.0828959
-0.234664,-0.174619
-0.20439,-0.209944
-0.227386,0.133068
-0.240036,0.106761
0.0770058,-0.194899
-0.0576418,0.101848
0.0519349,0.239074
-0.153455,-0.0755867
0.0188986,-0.0860088
