1244 0
2318 0
4938 0
3035 1
2084 2
237 3
2503 4
4078 5
2085 6
4080 7
2185 8
935 9
2087 10
4166 11
1097 12
2125 13
238 14
239 15
2312 16
2089 17
2166 18
1060 19
2241 20
5143 21
240 22
1097 23
241 24
3193 25
4741 26
3870 27
242 28
5041 29
2091 30
2092 31
2852 32
243 33
244 34
2093 35
2094 36
488 37
2095 38
2117 39
2096 40
2097 41
2098 42
3190 43
245 44
246 45
2099 46
2100 47
1079 48
3974 49
2116 50
1796 51
2103 52
2104 53
2105 54
1932 55
5164 56
3183 57
5190 58
1266 59
2108 60
2222 61
2110 62
2111 63
2112 64
2018 65
2393 66
4491 67
4984 68
1268 69
3524 70
1653 71
4791 72
2293 73
5195 74
247 75
2117 76
2560 77
2118 78
4074 79
248 80
2119 81
2678 82
249 83
250 84
2120 85
3156 86
2351 87
2121 88
2551 89
5088 90
251 91
2122 92
2123 93
3100 94
2124 95
2088 96
858 97
252 98
5288 99
2126 100
2127 101
2128 102
2533 103
4273 104
3695 105
2129 106
3293 107
2685 108
3366 109
1276 110
253 111
2590 112
2200 113
3199 114
3469 115
972 116
254 117
4023 118
4790 119
4157 120
4751 121
4153 122
3926 123
2132 124
255 125
4299 126
256 127
257 128
4554 129
3612 130
3385 131
4889 132
2780 133
3302 134
4292 135
2133 136
2134 137
258 138
5232 139
2135 140
4416 141
259 142
858 143
2136 144
2512 145
5231 146
4792 147
2191 148
3621 149
3926 150
2138 151
858 152
851 153
1082 154
4475 155
3472 156
260 157
5105 158
4017 159
3142 160
4905 161
3655 162
1544 163
2259 164
572 165
4127 166
261 167
2442 168
2143 169
2144 170
2145 171
3721 172
2146 173
2526 174
437 175
262 176
5082 177
3631 178
2147 179
3151 180
263 181
3290 182
264 183
2148 184
2149 185
4900 186
2317 187
3747 188
2177 189
2488 190
1432 191
3216 192
265 193
2151 194
5259 195
272 196
266 197
5249 198
1165 199
3986 200
5121 201
4792 202
2154 203
3189 204
858 205
3373 206
3373 207
2156 208
1190 209
2158 210
3537 211
3799 212
2076 213
2393 214
267 215
5177 216
3393 217
2160 218
268 219
2161 220
2157 221
2163 222
5249 223
2689 224
1107 225
4999 226
2165 227
4277 228
2166 229
2167 230
2312 231
4599 232
1060 233
1658 234
3175 235
269 236
3003 237
270 238
3189 239
4891 240
1130 241
4331 242
5241 243
4331 244
271 245
4129 246
272 247
273 248
2012 249
2173 250
2202 251
2212 252
2176 253
2177 254
2297 255
1689 256
2368 257
3489 258
2877 259
2514 260
1689 261
5163 262
1832 263
1492 264
4233 265
1346 266
1077 267
763 268
3708 269
4177 270
343 271
717 272
4675 273
2701 274
3560 274
284 275
5141 275
2706 276
2707 276
5079 277
5141 277
4793 278
4794 278
4334 279
4511 279
3281 280
4129 280
3959 281
4651 281
3969 282
3972 282
2152 283
3972 283
1958 284
4246 285
5141 285
3421 286
5055 286
2337 287
4793 287
330 288
2898 288
2722 289
3822 289
3604 290
4585 290
3599 291
4444 291
4189 292
4898 292
331 293
3526 293
296 294
3526 294
1085 295
3338 295
2354 296
2916 297
4676 297
2184 298
4872 298
3959 299
4853 299
2185 300
5259 300
4478 301
5011 301
352 302
3519 302
2809 303
3673 303
348 304
352 304
2200 305
2225 305
348 306
3901 306
3901 307
4946 307
3901 308
4947 308
759 309
4512 309
4651 310
4853 310
3959 311
5266 311
3367 312
5102 312
728 313
2207 313
2182 314
5266 314
763 315
4512 315
321 316
5059 316
2023 317
3569 317
4810 318
4941 318
3691 319
4315 319
2113 320
2425 320
5058 321
5059 321
2018 322
5286 322
3959 323
5212 323
606 324
3900 324
3234 325
4740 325
3556 326
4689 326
2090 327
2291 327
2536 328
4453 328
2342 329
5055 329
4772 330
2354 331
343 332
355 332
3797 333
4297 333
2616 334
4442 334
2830 335
5147 335
3365 336
4272 336
2536 337
4453 337
3307 338
3472 338
2582 339
4909 339
3792 340
4863 340
5224 341
5225 341
2164 342
2390 342
4453 343
3084 344
3867 344
347 345
4017 345
2131 346
4599 346
4701 347
352 348
379 349
4420 349
4017 350
4682 350
2620 351
4834 351
2963 353
4186 353
3339 354
4862 354
2539 355
3190 356
4221 356
3879 357
5204 357
1114 358
5227 358
1107 359
3190 359
2388 360
4304 360
3879 361
5223 361
3190 362
4923 362
3451 363
4863 363
368 364
5204 364
4599 365
5097 365
2620 366
5097 366
1114 367
2230 367
721 368
402 369
3295 369
3690 370
4420 370
380 371
4682 371
2390 372
4682 372
374 373
3907 373
3907 374
400 375
2878 375
4121 376
4374 376
2700 377
5280 377
3306 378
3337 378
2390 379
4926 380
3025 381
4460 381
4134 382
4416 382
392 383
3168 383
2937 384
4416 384
2189 385
2483 385
3404 386
5204 386
4272 387
4680 387
2937 388
4135 388
4304 389
5204 389
3404 390
5011 390
437 391
2137 391
2753 392
3826 393
4763 393
3569 394
4897 394
3814 395
4186 395
3340 396
4186 396
4999 397
5122 397
407 398
3268 398
3797 399
4297 399
5299 400
2395 401
5099 401
2313 402
421 403
4008 403
3954 404
4801 404
3377 405
5097 405
514 406
3626 406
4751 407
3867 408
4741 408
2548 409
4182 409
2142 410
4806 410
417 411
572 411
3366 412
4017 412
2139 413
4525 413
4478 414
5231 414
851 415
2521 415
4905 416
4906 416
2199 417
4118 418
4869 418
445 419
481 419
2507 420
4922 420
3655 421
2567 422
4291 422
3824 423
4335 423
426 424
4497 424
471 425
3746 425
428 426
487 427
4696 427
4497 428
4914 428
447 429
483 429
2794 430
4905 430
435 431
4927 431
824 432
4792 432
4082 433
4912 433
2483 434
4448 434
3366 435
824 436
3377 436
2137 437
3658 437
3690 438
4926 438
2705 439
3690 439
2190 440
2191 440
4612 441
4927 441
1531 442
4891 442
3636 443
5011 443
3376 444
5034 444
482 445
2192 446
4927 446
482 447
2986 448
4381 448
460 449
2721 449
4291 450
4525 450
1917 451
3342 451
4483 452
4792 452
2948 453
3594 453
2471 454
4961 454
3392 455
4915 455
2507 456
4221 456
2704 457
4732 457
4221 458
5277 458
2073 459
2704 459
577 460
3960 461
4474 461
2704 462
4269 462
2193 463
4867 463
2194 464
3645 464
2191 465
5012 465
4079 466
5224 466
3340 467
5246 467
488 468
5122 468
3193 469
4891 469
474 470
3377 470
4908 471
3086 472
3948 472
509 473
3553 473
4926 474
2195 475
2997 475
486 476
2662 476
2196 477
3034 477
2748 478
2828 478
2521 479
4923 479
3370 480
4405 480
483 481
2849 483
3035 484
4269 484
2187 485
2590 485
728 486
2662 486
4908 487
1473 488
5122 488
4244 489
5224 489
500 490
5263 490
4927 491
5211 491
3625 492
5121 492
5121 493
5294 493
3501 494
3523 494
4512 495
5121 495
3062 496
3085 496
3483 497
3502 497
535 498
3422 498
3452 499
5294 499
5264 500
4463 501
4956 501
4300 502
5104 502
2837 503
4956 503
3852 504
4823 504
2405 505
5248 505
2488 506
5244 506
652 507
680 507
3308 508
4269 508
3035 509
2692 510
3326 510
3138 511
5044 511
2204 512
2400 512
519 513
3937 513
5286 514
3101 515
4605 515
4358 516
4684 516
522 517
5210 517
3382 518
3507 518
3937 519
4727 519
3462 520
5120 520
524 521
4084 521
525 522
528 523
4778 523
3321 524
5211 525
3482 526
4475 526
532 527
5052 527
566 528
532 529
4875 529
2817 530
4288 530
564 531
4288 531
3721 533
4476 533
563 534
3989 534
3502 535
3095 536
5244 536
1295 537
2817 537
567 538
5250 538
3418 539
3486 539
3088 540
3860 540
2962 541
5054 541
2407 542
5100 542
3069 543
4476 543
558 544
4028 544
4351 545
4956 545
3437 546
4757 546
3836 547
4475 547
2864 548
4242 548
3927 549
5052 549
4457 550
4519 550
4515 551
5236 551
2472 552
4468 552
4273 553
4664 553
581 554
1210 554
4030 555
4823 555
3482 556
4778 556
3871 557
3884 557
4384 558
562 559
4468 559
569 560
2342 560
3695 561
4727 561
3224 562
4757 563
3341 564
2745 565
4028 565
3836 566
3715 567
640 568
4603 568
4598 569
4273 570
5120 570
1756 571
1757 571
4891 572
2213 573
4915 573
2186 574
3341 574
2320 575
4081 575
2320 576
4814 576
2200 577
2594 578
4441 578
2842 579
5102 579
2321 580
3333 580
3927 581
585 582
2940 582
587 583
2360 583
2322 584
3391 584
2324 585
588 586
4876 586
2174 587
605 588
605 589
2335 589
599 590
3344 590
829 591
3913 591
828 592
3500 592
2789 593
2790 593
2326 594
3819 594
2327 595
2776 595
3166 596
3167 596
2328 597
4917 597
3446 598
4943 598
2068 599
2341 600
3630 600
3475 601
5037 601
4077 602
4914 602
4077 603
4814 603
4077 604
4814 604
4876 605
5270 606
2201 607
3809 607
2330 608
5227 608
3598 609
3913 609
2377 610
4437 610
3459 611
4437 611
2330 612
4643 612
3459 613
4943 613
665 614
5237 614
2598 615
3520 615
2379 616
3883 616
644 617
5264 617
3335 618
4914 618
2319 619
4914 619
3598 620
5227 620
2213 621
2465 621
3598 622
4385 622
3674 623
4727 623
3859 624
4807 624
2202 625
2206 625
630 626
5122 626
641 627
3001 627
4351 628
4352 628
3001 629
4539 629
829 630
5122 630
806 631
2684 631
3341 632
4942 632
4448 633
5226 633
2840 634
3626 634
2757 635
4468 635
2610 636
4519 636
5122 637
5299 637
1972 638
5264 638
4062 639
4539 639
2347 640
4323 641
725 642
2414 642
3821 643
4885 643
650 644
4058 645
5228 645
3386 646
4699 646
2766 647
4760 647
677 648
5241 648
2816 649
3263 649
3705 650
2197 651
2491 651
4642 652
1353 653
5207 653
1632 654
4244 654
3840 655
4084 655
4084 656
4319 656
659 657
941 657
2069 658
4727 658
5183 659
2374 660
4253 660
2846 661
4253 661
2054 662
2203 662
4319 663
5248 663
4319 664
5248 664
4572 665
4058 666
4806 666
4255 667
4946 667
3346 668
3488 668
2753 669
4886 669
2846 670
4946 670
3749 671
5016 671
3335 672
4943 672
4319 673
4956 673
4319 674
4956 674
2341 675
5041 675
2729 676
3335 676
4554 677
2204 678
5211 678
2491 679
4038 679
4875 680
4038 681
4333 681
3588 682
5151 682
4253 683
4333 683
3745 684
4945 684
687 685
4100 685
689 686
727 686
2413 687
4100 687
691 688
727 688
695 689
693 690
697 690
4814 691
694 692
2381 692
703 693
3864 694
727 695
4814 695
702 696
4074 696
727 697
2386 698
5175 698
2427 699
3851 699
3671 700
5238 700
2205 701
2304 701
709 702
4814 703
2388 704
5223 704
2741 705
2942 705
2741 706
2943 706
3266 707
4447 707
712 708
2169 708
4065 709
4074 709
712 710
2313 710
755 711
2316 711
3344 713
5264 713
1060 714
4462 714
3031 715
3846 715
3156 716
4356 716
3845 717
4210 717
3719 718
4545 718
4675 719
5056 719
2404 720
4669 720
2855 721
3913 722
5226 722
2537 723
5263 723
3268 724
5204 724
5187 725
2290 726
2316 726
4100 727
755 729
1424 729
1424 730
2316 730
4107 731
5212 731
758 732
2394 732
2404 733
3671 733
4643 734
4806 734
742 735
3678 735
2944 736
2945 736
3636 737
4891 737
4175 738
5197 738
3909 739
4249 739
2583 740
3754 740
747 741
2422 741
787 742
2423 743
3071 743
1564 744
2942 744
3833 745
4720 745
2179 746
2303 746
3898 747
4891 748
5012 748
2817 749
4944 749
2415 750
4721 750
3344 751
5183 751
4676 752
4684 752
4267 753
4944 753
3887 754
4902 754
2825 756
3636 756
2210 757
2997 757
4813 758
762 759
4512 759
767 760
3071 760
4891 761
5233 761
763 762
4512 762
3636 764
4891 764
3755 765
5023 765
771 766
3898 766
5293 767
3953 768
4949 768
2231 769
3713 769
2211 770
2821 770
5286 771
3352 772
5233 772
2384 773
4356 773
4474 774
5003 774
784 775
1039 775
2384 776
4356 776
2427 777
4009 777
1067 778
3832 778
4228 779
5101 779
783 780
941 780
1343 781
2867 781
2314 782
4545 782
4674 783
1039 784
2799 784
3889 785
4075 785
790 786
4389 786
2944 787
2363 788
3610 788
799 789
3165 789
5238 790
4460 791
5229 791
1546 792
5297 792
2363 793
3525 793
4123 794
5018 794
4749 795
5134 795
2351 796
5296 796
806 797
4902 797
2816 798
4544 798
3544 799
1633 800
5297 800
1248 801
2351 801
805 802
5297 802
1045 803
4514 803
1045 804
2695 804
2175 805
4414 807
4969 807
2212 808
2305 808
2618 809
4414 809
2801 810
4969 810
4694 811
5090 811
2214 812
3289 812
3626 813
4098 813
2214 814
3289 814
2214 815
3620 815
2215 816
3289 816
3923 817
4721 817
4386 818
5070 818
4098 819
5286 819
3433 820
5029 820
2460 821
3620 821
3433 822
5108 822
837 823
855 823
2464 825
4265 825
4175 826
4997 826
843 827
848 827
4551 828
3445 830
5258 830
3911 831
4868 831
2466 832
3918 832
2371 833
5233 833
2467 834
5028 834
5020 835
5028 835
3817 836
5008 836
855 837
2155 837
2450 838
2474 838
843 839
4264 839
2371 840
3544 840
2216 841
3817 841
4298 842
5089 842
4264 843
2451 844
5089 844
925 845
3895 845
2451 846
4562 846
1377 847
1416 847
3317 848
4042 849
5032 849
2086 850
5032 850
935 851
3253 852
3549 852
3303 853
4035 853
940 854
2219 854
2155 855
2299 855
858 856
1961 856
861 857
3810 857
5141 858
2451 859
4888 859
880 860
4414 860
2482 861
3303 862
3356 862
2671 863
4142 863
2932 864
5287 864
4168 865
5287 865
873 866
2525 866
4039 867
4774 867
4039 868
5162 868
4491 869
5162 869
1191 870
5162 870
3273 871
3697 871
2502 872
5162 872
4250 873
897 874
3727 874
5013 875
5017 875
3810 876
4820 876
4423 877
4820 877
3007 878
4820 878
2412 879
3292 879
3727 880
3645 881
4168 881
3562 882
4423 882
3708 883
4882 883
4117 884
4819 884
2932 885
3645 885
4533 886
4774 886
889 887
4774 887
893 888
4053 888
936 889
3562 890
4774 890
4604 891
5238 891
905 892
5163 892
3540 893
1189 894
5163 894
4491 895
5163 895
2217 896
3971 896
904 897
2502 898
5163 898
3949 899
5232 899
2502 900
4313 900
3499 901
4569 901
948 902
2584 902
1075 903
1078 903
920 904
909 905
3914 906
5013 906
3152 907
4569 907
919 908
4819 908
1070 909
916 910
4604 910
4569 911
4819 911
982 912
4819 912
3895 913
5009 913
943 914
958 914
918 915
4669 915
4458 916
927 917
4988 917
2508 918
4569 919
5161 920
2072 921
2857 921
2220 922
3601 922
4987 923
5088 923
2217 924
3928 924
5008 925
2526 926
4227 926
3794 927
4179 928
4895 928
3549 929
4882 929
3052 930
3800 930
3438 931
4761 931
3270 932
5088 932
940 933
3270 933
2432 934
2503 934
5097 935
5163 936
4263 937
4670 937
5183 938
5184 938
1609 939
3082 939
4815 942
5088 942
3978 943
3467 944
4429 944
3263 945
4670 945
4482 946
5185 946
951 947
972 947
2584 948
5287 948
972 949
1079 949
2221 950
2644 950
1079 951
1205 952
4988 952
2528 953
3798 953
2224 954
4800 954
972 955
991 955
3878 956
5060 956
5166 957
5167 957
4545 958
1079 959
2109 959
1202 960
2346 960
1202 961
2346 961
2224 962
2346 962
991 963
1031 963
2457 964
5185 964
3978 965
4339 965
3444 966
4670 966
3756 967
4698 967
3659 968
5090 968
4482 969
5197 969
3659 970
4108 970
4389 971
4543 971
4582 973
4692 973
3701 974
4692 974
3742 975
4692 975
2376 976
5169 976
2457 977
5184 977
1027 978
4928 978
4835 979
5157 979
3777 980
3983 980
3357 981
5148 981
3794 982
2223 983
4227 983
2552 984
4677 984
3812 985
5175 985
3978 986
4227 986
3078 987
3222 987
3101 988
3631 988
2760 989
3222 989
4147 990
4425 990
1031 991
3993 992
4622 992
2970 993
3986 993
4622 994
5158 994
3222 995
3975 995
5238 996
5267 996
3818 997
4596 997
4185 998
4543 998
2565 999
4023 999
1005 1000
4051 1000
3934 1001
5172 1001
1077 1002
4051 1002
2554 1003
4933 1003
1021 1004
3775 1004
4031 1005
2375 1006
4068 1006
3705 1007
4482 1007
3357 1008
5182 1008
4013 1009
5156 1009
3116 1010
5221 1010
2573 1011
3856 1011
2568 1012
3600 1012
2573 1013
3855 1013
2967 1014
3774 1014
2569 1015
4055 1015
4144 1016
4336 1016
3854 1017
3855 1017
4436 1018
4798 1018
2569 1019
3760 1019
1064 1020
4798 1020
5033 1021
3163 1022
4055 1022
1029 1023
1094 1023
1038 1024
5158 1024
2993 1025
4031 1025
3760 1026
5219 1026
5148 1027
3993 1028
5033 1028
1077 1029
4140 1030
5218 1030
1082 1031
1039 1032
3668 1032
3091 1033
4339 1033
1047 1034
3936 1034
3936 1035
4494 1035
4175 1036
5182 1036
2226 1037
4218 1037
3993 1038
3703 1040
3854 1040
1066 1041
2430 1041
3849 1042
5095 1042
3703 1043
3855 1043
2655 1044
5159 1044
2903 1046
2919 1046
4435 1047
3849 1048
5094 1048
2226 1049
5185 1049
4131 1050
4848 1050
3417 1051
4858 1051
3615 1052
4359 1052
2842 1053
3693 1053
4024 1054
4849 1054
1077 1055
4051 1055
2612 1056
5152 1056
2017 1057
3908 1057
4218 1058
5185 1058
2162 1059
4141 1059
4675 1060
2157 1061
4095 1061
2610 1062
4981 1062
1190 1063
5044 1063
4013 1064
4086 1065
5152 1065
5096 1066
4075 1067
5214 1068
5215 1068
3174 1069
4660 1069
5088 1070
3780 1071
4508 1071
2663 1072
3293 1072
2615 1073
4067 1073
2516 1074
3179 1074
3301 1075
2140 1076
2295 1076
3872 1078
2618 1080
4920 1080
2227 1081
2617 1081
3434 1082
3293 1083
4047 1083
2617 1084
4613 1084
2222 1085
2090 1086
4426 1086
2731 1087
4304 1087
3029 1088
4519 1088
2512 1089
2513 1089
2513 1090
2515 1090
2512 1091
2514 1091
1094 1092
1097 1092
2228 1093
2512 1093
2979 1095
5216 1095
1112 1096
2515 1096
2685 1097
2504 1098
4178 1098
3250 1099
5263 1099
5216 1100
5217 1100
3656 1101
5215 1101
2578 1102
4105 1102
3093 1103
5222 1103
3216 1104
4613 1104
1113 1105
3656 1105
3216 1106
3536 1106
2507 1107
3536 1108
3915 1108
1117 1109
1118 1109
2188 1110
4332 1110
3653 1111
4112 1111
3179 1112
4797 1113
3179 1115
4548 1115
1117 1116
1118 1116
3762 1118
4429 1119
5152 1119
4178 1120
4613 1120
3185 1121
3912 1121
3133 1122
3897 1122
3712 1123
4818 1123
1130 1124
4639 1124
4522 1125
5217 1125
2600 1126
4797 1126
3883 1127
5137 1127
1143 1128
2651 1128
1135 1129
1137 1129
3236 1130
4797 1131
5217 1131
1165 1132
3174 1132
4016 1133
4139 1133
2153 1134
2218 1134
4969 1135
1145 1136
4971 1136
4920 1137
5206 1138
5217 1138
4817 1139
5217 1139
2581 1140
4679 1140
4817 1141
5093 1141
4107 1142
4822 1142
2651 1143
3935 1143
1606 1144
1662 1144
2653 1145
1662 1146
2657 1146
2626 1147
4011 1147
1606 1148
3314 1148
4393 1149
4395 1149
4156 1150
4924 1150
1155 1151
4736 1151
4016 1152
4402 1152
1156 1153
3314 1153
2233 1154
2657 1154
1161 1155
3617 1156
4393 1157
4396 1157
3260 1158
3617 1158
3145 1159
5145 1159
1218 1160
3260 1160
3076 1161
4736 1161
4016 1162
5206 1162
1218 1163
4920 1163
3123 1164
4818 1164
2234 1165
4112 1166
4972 1166
3855 1167
3856 1167
4230 1168
4843 1168
4137 1169
5137 1169
4055 1170
5220 1170
3348 1171
4476 1171
4350 1172
5206 1172
2625 1173
4674 1173
2575 1174
4350 1174
2664 1175
5114 1175
3636 1176
4350 1176
4584 1177
5184 1177
2575 1178
5012 1178
3703 1179
3856 1179
4699 1180
5101 1180
3693 1181
5101 1181
4699 1182
5100 1182
2455 1183
4126 1183
3474 1184
4699 1184
2499 1185
4002 1185
4313 1186
5161 1186
4172 1187
4938 1187
2625 1188
3588 1188
4170 1189
2235 1190
3727 1191
2626 1192
4678 1192
4713 1193
4997 1193
2236 1194
2770 1194
4049 1195
4364 1195
3068 1196
4299 1196
2332 1197
4166 1197
2522 1198
3802 1198
3730 1199
4587 1199
2393 1200
4928 1200
2884 1201
4457 1201
2346 1202
4108 1202
2447 1203
2448 1203
1346 1204
3273 1204
3447 1205
4287 1206
4449 1206
4299 1207
5164 1207
2082 1208
3397 1208
3815 1209
4207 1209
3927 1210
5052 1210
2680 1211
3044 1211
2130 1212
2788 1212
4178 1213
4889 1213
3827 1214
4889 1214
2691 1215
4444 1215
2329 1216
4889 1216
3909 1217
4552 1217
1233 1219
3498 1219
2459 1220
4048 1220
2702 1221
3785 1221
2624 1222
4981 1222
3785 1223
4190 1223
4370 1224
5038 1224
5008 1225
5032 1225
2696 1226
3209 1226
3255 1227
3995 1227
1304 1228
2446 1228
3694 1229
4832 1229
2452 1230
3892 1230
2801 1231
4832 1231
4175 1232
5184 1232
3498 1233
4254 1233
2708 1234
4449 1234
2107 1235
3267 1235
2406 1236
4178 1236
1266 1237
4178 1237
3102 1238
4877 1238
2627 1239
3551 1239
1270 1240
1276 1240
3796 1241
5131 1241
3692 1242
4890 1242
2807 1243
5116 1243
4180 1244
4723 1244
4289 1245
4795 1245
2716 1246
4130 1246
2670 1247
3260 1247
1260 1248
1318 1249
1412 1249
1500 1250
5181 1250
3868 1251
4809 1251
1258 1252
2447 1252
3355 1253
5181 1253
3995 1254
4043 1254
3611 1255
4856 1255
3355 1256
4446 1256
2114 1257
3364 1257
2446 1258
4340 1259
4737 1259
4531 1260
3255 1261
3995 1261
3932 1262
4048 1262
3302 1263
4773 1263
3358 1264
3509 1264
3622 1265
4877 1265
1268 1266
2115 1267
4446 1267
1653 1268
2440 1269
3364 1269
4446 1270
3364 1271
5297 1271
4451 1272
5174 1272
3682 1273
4428 1273
3594 1274
5147 1274
1282 1275
5297 1275
3302 1276
2403 1277
4340 1277
1286 1278
2403 1278
1282 1279
2440 1279
2440 1280
4446 1280
1287 1281
5296 1281
2743 1283
4061 1283
2660 1284
2661 1284
1338 1285
2506 1285
4340 1286
2506 1287
3267 1288
3932 1288
1303 1289
3044 1289
3374 1290
4703 1290
2743 1291
4061 1291
4194 1292
4742 1292
3400 1293
5251 1293
3715 1294
4778 1294
3989 1295
1298 1296
3374 1296
1630 1297
5175 1297
4220 1298
3664 1299
4404 1299
5190 1300
5191 1300
3374 1301
4220 1301
2631 1302
3870 1302
2769 1303
4048 1304
2405 1305
4742 1305
1430 1306
4043 1306
4220 1307
5191 1307
4285 1308
4764 1308
3995 1309
5146 1309
4114 1310
4563 1310
2237 1311
2307 1311
1341 1312
2172 1312
1323 1313
3815 1313
3932 1314
4048 1314
4070 1315
5239 1315
3003 1316
4208 1316
2631 1317
4492 1317
3355 1318
3044 1319
4207 1319
1323 1320
4208 1320
4373 1321
5182 1321
1780 1322
3619 1322
1780 1324
2258 1324
2505 1325
4161 1325
2537 1326
4318 1326
4208 1327
4212 1327
2877 1328
3619 1328
1379 1329
4750 1329
2240 1330
4664 1330
1333 1331
2241 1331
1686 1332
4415 1332
2241 1333
3928 1333
2882 1334
3956 1334
1686 1335
5068 1335
2239 1336
3956 1336
4481 1337
5198 1337
4220 1338
2780 1339
4331 1339
2775 1340
4513 1340
2172 1341
3142 1341
2012 1342
3003 1342
4075 1343
2680 1344
4206 1344
2871 1345
5105 1345
1961 1346
3273 1346
2742 1347
4032 1347
2917 1348
4537 1348
2355 1349
4032 1349
3258 1350
3902 1350
3330 1351
3601 1351
1632 1352
5002 1352
4727 1353
2012 1354
4208 1354
3255 1355
3995 1355
1553 1356
5237 1356
2940 1357
3994 1357
4193 1358
4658 1358
1855 1359
3172 1359
1379 1360
3411 1360
2244 1361
4245 1361
1436 1362
2779 1362
3601 1363
4301 1363
4406 1364
4686 1364
2638 1365
5066 1365
3769 1366
4403 1366
4518 1367
4755 1367
2887 1368
5036 1368
3769 1369
4152 1369
2690 1370
2779 1370
3769 1371
4152 1371
3395 1372
4901 1372
2805 1373
4507 1373
2806 1374
4636 1374
4422 1375
5193 1375
2243 1376
3994 1376
5008 1377
2810 1378
4557 1378
1386 1380
2810 1380
3442 1381
3944 1381
2294 1382
2302 1382
2810 1383
4558 1383
1413 1384
4558 1384
1403 1385
4342 1385
3055 1386
1390 1387
3944 1387
1406 1388
4014 1388
2812 1389
4341 1389
2773 1390
3944 1390
4606 1391
4649 1391
1406 1392
2812 1392
2796 1393
5281 1393
1437 1394
4606 1394
1401 1395
4606 1395
3207 1396
3877 1396
4429 1397
4578 1397
3442 1398
3944 1398
4502 1399
4606 1399
1833 1400
3877 1400
4177 1401
1833 1402
1860 1402
2796 1403
4633 1404
4634 1404
1408 1405
4331 1405
2150 1407
4446 1407
2368 1408
3769 1409
4152 1409
3267 1410
3994 1410
3587 1411
5295 1411
5180 1412
4014 1413
3471 1414
4634 1414
3055 1415
4557 1415
3632 1416
5008 1416
2866 1417
4601 1417
3055 1418
3573 1418
4455 1419
4743 1419
4341 1420
4743 1420
4633 1421
4743 1421
4006 1422
5107 1422
3186 1423
5116 1423
3832 1424
2994 1425
4649 1425
1432 1426
4960 1426
3733 1427
5003 1427
2880 1428
3287 1428
3858 1429
4609 1429
5146 1430
2245 1431
2880 1431
4177 1432
1436 1433
3769 1433
2251 1434
3942 1434
1751 1435
2880 1435
3769 1436
4177 1437
1579 1438
3664 1438
2564 1439
4600 1439
3469 1440
4652 1440
1518 1441
2401 1441
2849 1442
3305 1442
3706 1443
4502 1443
1682 1444
4328 1444
3706 1445
4237 1445
2882 1446
5105 1446
1465 1447
5129 1447
2917 1448
4790 1448
2833 1449
3977 1449
3977 1450
4983 1450
4403 1451
4601 1451
4012 1452
4984 1452
3279 1453
4403 1453
2246 1454
4649 1454
2411 1455
3858 1455
1458 1456
4713 1456
1577 1457
4648 1457
3705 1458
4713 1458
2892 1459
3306 1459
1487 1460
5255 1460
3577 1461
4940 1461
3928 1462
3971 1462
2690 1463
3769 1463
2444 1464
2445 1464
2858 1465
3512 1466
5279 1466
2723 1467
4005 1467
1470 1468
5034 1468
2247 1469
4251 1469
2909 1470
1480 1471
3669 1471
2917 1472
4790 1472
4184 1473
2665 1474
2998 1474
4277 1475
5042 1475
3186 1476
4434 1476
1483 1477
4044 1477
3493 1478
4669 1478
2862 1479
5031 1479
3409 1480
3669 1480
1569 1481
3828 1481
4668 1482
5108 1482
4035 1483
3709 1484
4608 1484
2881 1485
4934 1485
2832 1486
4986 1486
4495 1487
1765 1488
3709 1488
2606 1489
3594 1489
2248 1490
3921 1490
1492 1491
2170 1491
2170 1492
1787 1493
3414 1493
1787 1494
3414 1494
1517 1495
1527 1495
4007 1496
5067 1496
4317 1497
5031 1497
2170 1498
3958 1498
1658 1499
2984 1499
4196 1500
5143 1501
5144 1501
4019 1502
4050 1502
1577 1503
4151 1503
2738 1504
5238 1504
2409 1505
4933 1505
3646 1506
5031 1506
2677 1507
4637 1507
4317 1508
4661 1508
3448 1509
4029 1509
3411 1510
4676 1510
4461 1511
4879 1511
1563 1512
2296 1512
3427 1513
4776 1513
4181 1514
4879 1514
3567 1515
5281 1515
2677 1516
4722 1516
4722 1517
3769 1518
3963 1519
3964 1519
2677 1520
4040 1520
4776 1521
5007 1521
2626 1522
4519 1522
1529 1523
4237 1523
2463 1524
4607 1524
2141 1525
4577 1525
4418 1526
5268 1526
2795 1527
3766 1528
4464 1528
4577 1529
4317 1530
5008 1530
3974 1531
4891 1531
3351 1532
3576 1532
4010 1533
4856 1533
3312 1534
3576 1534
4312 1535
5009 1535
4177 1536
4648 1536
4218 1537
4677 1537
1544 1538
5232 1538
3407 1539
5007 1539
1548 1540
2742 1540
3574 1541
4003 1541
4445 1542
5143 1542
3448 1543
4050 1543
2348 1544
2932 1545
5232 1545
2351 1546
1565 1547
3976 1547
4050 1548
2742 1549
3448 1549
3722 1550
5298 1550
2323 1551
3546 1551
2355 1552
4046 1552
4093 1553
3107 1554
3546 1554
1567 1555
3958 1555
2785 1556
5233 1556
4044 1557
4250 1557
4228 1558
5101 1558
2323 1559
2325 1559
1592 1560
1602 1560
2325 1561
4443 1561
4403 1562
4600 1562
2773 1563
2935 1564
2942 1564
3905 1565
2489 1566
3634 1566
4650 1567
3779 1568
4445 1568
4668 1569
1574 1570
4046 1570
1760 1571
2473 1571
2603 1572
3474 1572
3347 1573
3965 1573
4606 1574
1760 1575
5115 1575
2250 1576
4245 1576
4177 1578
4607 1578
5118 1579
2549 1580
4857 1580
3036 1581
4172 1581
3493 1582
5035 1582
4672 1583
4939 1583
4262 1584
4977 1584
2957 1585
5265 1585
3443 1586
3866 1586
3973 1587
4348 1587
3543 1588
4985 1588
1626 1589
1750 1589
2939 1590
4984 1590
2355 1591
4152 1591
3958 1592
1774 1593
4932 1593
4621 1594
4932 1594
3162 1595
4932 1595
4233 1596
4932 1596
3279 1597
4606 1597
3509 1598
4648 1598
3212 1599
3917 1599
1698 1600
4621 1600
3042 1601
4687 1601
3442 1602
3284 1603
4962 1603
2232 1604
2728 1604
2352 1605
4292 1605
3314 1606
2599 1607
4064 1607
1650 1608
4199 1608
4815 1609
3153 1610
3588 1610
3283 1611
4523 1611
4644 1612
5257 1612
4197 1613
4881 1613
4252 1614
4638 1614
1640 1615
4736 1615
3073 1616
3076 1616
4547 1617
5253 1617
2338 1618
4001 1618
4629 1619
4856 1619
3228 1620
3286 1620
2980 1621
5199 1621
4180 1622
5199 1622
2352 1623
3621 1623
1631 1624
2353 1624
2249 1625
2309 1625
1750 1626
1774 1626
3504 1627
4639 1627
2431 1628
4523 1628
1654 1629
3635 1629
5244 1630
4639 1631
2351 1633
2252 1634
4531 1634
3924 1635
4480 1635
2468 1636
4531 1636
2975 1637
4228 1637
2353 1638
4022 1638
4071 1639
4719 1639
1697 1640
3218 1641
4719 1641
3838 1642
4022 1642
2457 1643
4584 1643
1666 1644
3830 1644
3967 1645
4524 1645
3218 1646
5235 1646
4159 1647
5235 1647
4159 1648
5049 1648
5125 1649
5238 1649
2977 1650
2783 1651
4316 1651
4045 1652
5051 1652
2504 1653
5143 1654
2036 1655
4469 1655
1665 1656
5140 1656
2818 1657
5100 1657
5267 1658
4404 1659
5118 1659
2656 1660
3947 1660
4930 1661
4931 1661
3272 1663
5254 1663
2253 1664
5255 1664
3297 1665
4549 1666
2476 1667
4439 1667
2371 1668
3974 1668
1716 1669
4509 1669
4358 1670
4982 1670
3466 1671
4644 1671
1716 1672
3316 1672
3030 1673
5254 1673
2209 1674
3959 1674
3662 1675
5283 1675
3030 1676
4088 1676
2179 1677
2314 1677
3611 1678
5119 1678
3316 1679
5030 1679
4213 1680
5034 1680
2389 1681
3398 1681
5285 1682
3679 1683
5030 1683
1689 1684
4177 1684
4652 1685
5128 1685
3955 1687
4593 1687
1694 1688
5251 1688
4961 1689
5251 1690
5252 1690
1720 1691
5030 1691
3672 1692
5252 1692
3331 1693
5130 1693
4652 1694
1720 1695
5110 1695
3469 1696
5250 1696
3073 1697
4736 1697
3212 1698
2426 1699
4865 1699
2254 1700
4831 1700
3053 1701
4467 1701
1977 1702
4658 1702
2340 1703
3981 1703
2524 1704
5113 1704
2524 1705
5113 1705
3875 1706
5113 1706
2276 1707
4391 1707
4647 1708
5113 1708
3875 1709
4284 1709
3875 1710
4647 1710
1746 1711
3826 1711
2398 1712
4580 1712
2257 1713
3227 1713
3728 1714
4256 1714
1721 1715
4856 1715
3316 1716
3162 1717
4930 1717
1827 1718
2242 1718
4284 1719
5077 1719
5117 1721
1726 1722
4113 1722
3155 1723
5110 1723
1730 1724
5077 1724
2438 1725
5046 1725
2419 1726
2999 1727
5111 1727
3110 1728
4404 1728
2198 1729
2999 1729
4812 1730
2934 1731
4306 1731
2421 1732
4380 1732
2688 1733
4157 1733
2459 1734
4658 1734
3162 1735
4683 1735
2472 1736
5265 1736
4157 1737
4812 1737
4401 1738
4580 1738
3159 1739
5119 1739
4195 1740
4580 1740
4647 1741
5110 1741
2646 1742
2728 1742
2432 1743
4401 1743
4157 1744
5110 1744
2541 1745
5110 1745
1756 1746
3611 1747
4629 1747
3784 1748
5187 1748
2255 1749
3938 1749
4932 1750
2251 1751
2376 1752
5170 1752
3242 1753
5109 1753
4536 1754
5170 1754
3131 1755
4345 1755
3826 1757
4683 1758
5077 1758
3979 1759
4275 1759
2256 1761
4666 1761
4363 1762
5289 1762
2393 1763
4928 1763
3242 1764
4851 1764
4650 1765
2368 1766
4287 1766
3504 1767
4683 1767
4306 1768
5118 1768
4626 1769
5049 1769
1917 1770
2285 1770
4573 1771
5049 1771
2291 1772
5109 1772
4001 1773
4828 1773
2257 1774
4282 1775
4573 1775
3218 1776
5234 1776
3159 1777
3169 1777
3169 1778
4851 1778
4851 1779
5108 1779
4076 1781
4666 1781
2259 1782
3870 1782
2106 1783
4861 1783
2106 1784
4861 1784
3646 1785
5030 1785
1791 1786
3926 1786
5032 1787
2631 1788
4666 1788
2561 1789
4010 1789
2102 1790
3580 1790
1796 1791
3926 1791
3580 1792
4157 1792
1824 1793
3870 1793
3580 1794
5078 1794
4212 1795
4665 1795
3130 1796
2561 1797
4223 1797
1910 1798
4962 1798
2650 1799
3686 1799
2242 1800
3390 1800
1816 1801
4223 1801
4263 1802
5035 1802
1932 1803
1933 1803
2261 1804
5061 1804
4662 1805
5071 1805
4060 1806
4630 1806
2523 1807
4122 1807
4531 1808
5076 1808
2650 1809
5076 1809
2180 1810
5076 1810
3376 1811
4399 1811
4720 1812
4771 1812
4409 1813
4631 1813
3026 1814
4873 1814
1832 1815
5293 1815
5293 1816
2262 1817
4665 1817
3058 1818
4631 1818
2555 1819
5289 1819
4060 1820
4305 1820
3846 1821
4865 1821
4305 1822
4631 1822
2263 1823
4662 1823
2368 1824
3350 1825
3923 1825
3148 1826
3548 1826
2308 1827
2595 1828
4873 1828
3568 1829
4503 1829
3823 1830
4808 1830
2991 1831
4346 1831
2244 1832
1850 1834
4878 1834
4229 1835
5071 1835
4228 1836
5044 1836
3118 1837
4951 1837
2595 1838
4873 1838
2595 1839
3164 1839
3164 1840
4493 1840
2499 1841
5103 1841
3214 1842
4771 1842
3110 1843
3169 1843
2740 1844
2989 1844
3118 1845
3773 1845
2592 1846
2740 1846
2265 1847
4550 1847
1853 1848
2265 1848
4306 1849
5117 1849
3773 1850
1853 1851
4782 1851
2266 1852
4695 1852
2266 1854
2596 1854
4502 1855
1871 1856
5076 1856
1890 1857
4787 1857
3570 1858
4787 1858
4787 1859
4788 1859
4634 1860
3051 1861
3570 1861
3570 1862
4788 1862
2310 1863
3878 1863
4223 1864
5292 1864
1869 1865
4219 1865
4219 1866
4781 1866
3342 1867
5071 1867
1874 1868
3051 1868
3492 1869
1877 1870
1940 1870
4493 1871
5076 1871
1874 1872
4561 1872
1885 1873
1931 1873
1885 1875
1888 1875
4306 1876
4629 1876
2275 1877
3171 1878
3647 1878
1889 1879
1983 1879
4229 1880
5071 1880
1931 1881
4561 1881
2934 1882
3611 1882
4103 1883
4561 1883
4561 1884
4786 1884
3807 1886
4808 1886
2278 1887
4786 1887
1973 1888
4800 1889
2596 1890
4787 1890
3113 1891
4788 1891
2969 1892
4486 1892
3492 1893
4788 1893
2595 1894
4873 1894
2270 1895
3688 1895
1901 1896
3180 1896
2279 1897
4788 1897
2418 1898
4662 1898
4223 1899
5293 1899
2271 1900
2279 1900
3180 1901
5292 1901
3587 1902
4160 1902
2735 1903
4730 1903
4400 1904
4730 1904
2272 1905
4000 1905
3164 1906
4493 1906
3188 1907
4688 1907
3243 1908
4688 1908
4488 1909
4993 1909
4666 1910
2273 1911
3477 1911
2961 1912
4400 1912
2274 1913
3208 1913
2592 1914
4729 1914
2225 1915
4191 1915
3024 1916
3587 1916
2285 1917
3342 1917
3484 1918
4555 1918
1925 1919
2595 1919
2269 1920
4380 1920
4555 1921
4995 1921
2047 1922
4555 1922
3807 1923
4226 1923
2369 1924
4239 1924
2595 1925
4493 1925
4223 1926
4549 1926
4400 1927
4688 1927
3477 1928
5071 1928
4167 1929
4729 1929
4073 1930
4400 1930
1973 1931
3214 1932
3214 1933
3011 1934
4240 1934
3011 1935
4768 1935
3667 1936
4526 1936
2047 1937
4993 1937
1976 1938
4994 1938
2267 1939
4555 1939
3051 1940
1948 1941
4785 1941
3217 1942
4550 1942
3180 1943
4549 1943
3478 1944
4488 1944
1948 1945
3217 1945
4167 1946
4785 1946
2260 1947
4785 1947
4785 1948
3079 1949
4695 1949
2276 1950
2947 1950
4707 1951
4993 1951
4368 1952
4962 1952
2362 1953
4709 1953
2008 1954
4659 1954
4010 1955
4549 1955
3629 1956
4303 1956
2268 1957
4659 1957
1961 1958
1968 1959
4167 1959
4376 1960
4377 1960
4223 1962
5293 1962
2803 1963
4179 1963
4223 1964
5292 1964
2735 1965
4167 1965
2278 1966
2311 1966
2277 1967
2787 1967
4769 1968
2311 1969
2836 1969
2047 1970
4993 1970
4488 1971
4992 1971
1994 1972
5264 1972
1983 1973
4002 1974
4390 1974
3537 1975
4169 1975
2787 1976
3131 1977
4658 1977
3793 1978
4781 1978
2543 1979
4950 1979
3793 1980
4550 1980
3037 1981
4172 1981
2283 1982
3793 1982
4561 1983
2003 1984
2283 1984
2047 1985
4555 1985
2282 1986
4367 1986
1989 1987
3478 1987
1997 1988
3011 1988
3478 1989
4898 1989
1997 1990
4767 1990
1993 1991
4054 1991
2280 1992
4767 1992
3205 1993
4054 1993
5264 1994
5265 1994
2280 1995
2288 1995
2003 1996
2288 1996
3701 1998
5272 1998
3271 1999
5059 1999
2442 2000
3309 2000
3273 2001
4660 2001
2281 2002
3134 2002
3900 2004
5079 2004
4246 2005
4810 2005
5268 2006
5269 2006
2285 2007
4517 2007
2947 2008
4659 2008
3742 2009
5273 2009
4172 2010
4549 2010
2959 2011
4869 2011
3697 2013
5139 2013
4124 2014
5059 2014
2020 2015
2425 2015
2286 2016
2676 2016
3908 2017
4904 2017
3206 2018
3342 2019
3874 2019
2425 2020
4992 2020
3846 2021
4658 2021
2075 2022
2289 2022
4297 2023
4379 2024
4380 2024
2532 2025
4898 2025
4278 2026
4898 2026
4411 2027
5104 2027
2081 2028
4426 2028
2336 2029
4442 2029
2043 2030
4520 2030
2410 2031
2809 2031
3187 2032
5078 2032
3751 2033
4728 2033
2532 2034
4898 2034
2336 2035
4807 2035
2916 2036
2168 2037
4869 2037
3282 2038
4276 2038
2058 2039
3922 2039
3271 2040
4663 2040
4189 2041
4898 2041
2959 2042
4189 2042
4794 2043
3698 2044
5271 2044
2057 2045
3537 2045
5271 2046
5272 2046
3480 2048
4598 2048
4189 2049
4870 2049
3309 2050
5272 2050
2159 2051
5006 2051
3309 2052
5006 2052
3428 2053
5006 2053
4191 2054
2337 2055
4870 2055
2159 2056
2658 2056
5124 2057
2076 2058
3311 2059
4278 2059
5125 2060
5299 2060
3288 2061
3511 2061
3822 2062
4872 2062
3428 2063
5275 2063
3633 2064
5062 2064
2168 2065
4793 2065
4087 2066
5076 2066
2959 2067
4189 2067
5264 2068
5208 2069
4929 2070
5197 2070
3604 2071
4840 2071
5088 2072
4915 2073
2287 2074
2312 2074
2289 2075
4278 2075
4592 2076
2359 2077
3187 2077
2337 2078
4870 2078
3627 2079
4592 2079
4424 2080
5082 2080
2291 2081
4426 2081
3358 2082
4472 2083
4765 2083
2700 2084
3460 2084
2518 2085
4252 2085
5118 2086
2088 2087
2290 2087
2290 2088
3165 2089
5012 2089
2291 2090
4426 2090
3696 2091
5114 2091
4234 2092
5107 2092
2298 2093
5238 2093
2852 2094
3517 2094
3767 2095
4987 2095
3292 2096
5232 2096
2520 2097
3976 2097
3771 2098
4366 2098
2101 2099
3526 2099
2101 2100
3526 2100
3526 2101
4812 2102
4773 2103
5188 2103
2675 2104
4761 2104
2649 2105
3685 2105
3432 2106
3995 2107
3088 2108
5249 2108
2293 2109
2294 2110
4369 2110
2681 2111
4900 2111
3506 2112
4703 2112
4278 2113
4773 2114
2440 2115
2819 2116
2820 2116
3696 2117
5164 2117
2317 2118
4149 2118
4098 2119
5232 2119
3819 2120
5208 2120
2479 2121
2487 2121
3216 2122
4357 2122
3286 2123
3621 2123
3798 2124
5219 2124
3463 2125
4120 2125
2576 2126
5249 2126
2201 2127
4945 2127
2533 2128
4355 2128
3968 2129
5190 2129
5061 2130
3460 2131
2206 2132
2465 2132
2620 2133
3814 2133
2693 2134
4374 2134
2871 2135
4285 2135
2933 2136
4705 2136
3797 2137
2855 2138
4532 2138
5276 2139
2406 2140
2763 2141
5011 2142
2296 2143
2315 2143
4208 2144
4212 2144
2297 2145
4512 2145
3704 2146
5207 2146
3193 2147
3974 2147
2475 2148
4900 2148
3813 2149
4953 2149
5188 2150
2231 2151
2306 2151
2465 2152
4971 2153
2537 2154
4318 2154
4233 2155
4608 2156
4962 2156
2685 2157
4687 2158
5057 2158
3228 2160
5297 2160
2300 2161
2332 2161
4000 2162
3596 2163
4147 2163
4701 2164
2301 2165
4751 2165
3294 2166
4653 2166
2178 2167
3756 2167
2316 2169
2315 2170
4112 2171
4575 2171
4609 2172
2208 2173
5232 2173
4085 2174
4610 2175
4260 2176
4827 2176
3449 2177
4621 2177
3756 2178
5168 2178
4662 2180
5076 2180
3567 2181
5283 2181
3224 2182
3362 2183
4721 2183
5119 2184
4168 2185
5259 2185
3341 2186
4943 2186
2590 2187
5121 2187
2572 2188
4332 2188
5011 2189
5012 2190
4483 2192
3951 2193
2412 2194
3645 2194
5294 2195
4269 2196
4333 2197
4157 2198
5012 2199
4945 2201
2213 2202
4866 2203
4075 2205
5121 2207
4058 2208
5232 2208
5266 2209
5293 2210
2820 2211
3336 2212
3289 2215
3368 2215
3064 2216
3928 2217
4855 2218
5092 2219
5185 2220
3447 2221
2292 2222
2298 2223
2721 2225
4191 2225
3185 2227
2515 2228
4797 2229
5217 2229
3913 2230
2306 2231
4687 2232
3617 2233
2238 2234
3138 2235
5044 2235
2770 2236
4095 2236
4208 2237
2264 2238
3174 2238
5252 2239
5292 2240
3928 2241
3969 2241
2308 2242
3994 2243
5146 2243
2251 2245
3172 2246
2665 2247
5029 2248
2786 2249
4856 2250
3504 2252
5254 2253
4860 2254
5111 2255
3870 2256
3619 2258
4161 2258
2368 2259
3870 2259
4695 2260
2310 2261
4666 2262
3390 2263
4662 2263
3174 2264
3677 2264
4550 2265
3061 2267
4878 2268
3537 2269
5292 2270
2284 2271
4000 2272
4951 2272
3477 2273
4466 2273
3208 2274
4729 2274
4786 2275
2787 2277
4146 2277
2284 2279
5138 2281
2365 2282
3570 2284
4517 2285
3673 2286
3650 2287
4794 2289
2313 2290
3338 2292
3455 2292
3702 2293
4369 2294
4890 2295
2315 2296
4079 2297
5238 2298
3236 2299
2332 2300
4516 2300
4751 2301
5204 2301
3718 2302
4369 2302
5238 2303
4065 2304
3023 2305
3545 2306
4207 2307
5077 2308
5129 2309
5061 2310
4728 2312
5238 2314
3943 2317
4546 2317
4180 2318
4572 2318
4723 2318
2729 2319
3335 2319
4943 2320
3321 2321
5210 2321
4690 2322
4876 2322
4443 2323
3255 2324
4048 2324
3857 2325
4475 2326
5244 2326
4603 2327
4876 2327
4247 2328
5054 2328
4370 2329
4888 2329
4448 2330
3759 2331
4077 2331
4081 2331
3798 2332
4516 2332
4081 2333
4813 2333
4943 2333
3933 2334
4581 2334
4957 2334
2789 2335
2790 2335
4321 2336
4520 2337
4793 2337
4827 2338
4828 2338
3749 2339
4965 2339
4966 2339
4535 2340
4597 2340
4554 2341
3927 2342
4440 2343
5026 2343
5261 2343
3968 2344
4744 2344
5192 2344
4120 2345
4485 2345
5003 2345
4479 2346
4270 2347
4946 2347
3292 2348
5232 2348
5233 2348
3616 2349
4538 2349
4539 2349
4293 2350
4697 2350
4734 2350
3286 2352
4610 2353
3336 2354
3338 2354
4072 2356
4713 2356
5196 2356
3910 2357
4795 2357
5201 2357
3884 2358
4293 2358
4697 2358
4189 2359
4898 2359
3840 2360
4085 2360
5211 2360
4087 2361
4610 2361
4638 2361
4465 2362
4784 2362
3527 2363
4038 2364
4588 2364
4949 2364
3716 2365
4076 2365
3831 2366
3970 2366
3971 2366
4293 2367
4586 2367
4697 2367
4565 2369
4687 2369
3894 2370
4215 2370
4704 2370
3891 2372
4333 2372
4947 2372
4417 2373
4843 2373
4933 2373
4588 2374
4947 2374
4436 2375
5158 2375
4188 2376
4916 2377
4917 2377
3605 2378
4289 2378
5043 2378
3948 2379
4887 2379
3679 2380
4181 2380
5029 2380
4813 2381
4814 2381
4119 2382
4637 2382
4879 2382
4586 2383
4735 2383
4826 2383
3880 2384
4814 2384
4009 2385
4065 2385
4462 2385
4438 2386
5243 2386
4009 2387
4065 2387
4462 2387
3879 2388
2865 2389
4828 2389
3565 2391
4496 2391
4896 2391
4418 2392
4750 2392
5260 2392
3721 2393
3998 2393
3786 2394
3864 2394
3869 2395
5098 2395
3280 2396
3304 2396
3305 2396
3519 2397
3524 2397
3901 2397
2399 2398
2924 2398
2924 2399
4580 2399
5248 2400
5249 2400
2779 2401
4237 2401
3921 2402
4776 2402
5010 2402
4780 2403
4921 2403
3444 2404
3862 2405
4833 2406
4090 2407
4699 2407
2686 2408
2687 2408
3363 2408
3153 2409
3588 2409
2676 2410
5060 2410
4080 2411
5188 2411
5233 2412
3678 2413
4267 2413
3826 2414
5135 2414
2423 2415
3071 2415
2542 2416
3786 2416
4314 2416
2966 2417
3788 2417
4699 2417
3026 2418
3354 2418
4662 2418
4930 2419
4931 2419
4100 2420
4314 2420
4814 2420
4846 2421
5126 2421
5123 2422
5124 2422
3833 2423
4721 2423
3097 2424
3928 2424
3972 2424
4278 2425
4517 2425
4366 2426
4578 2426
4356 2427
3755 2428
4758 2428
4964 2428
4445 2429
5045 2429
5144 2429
3849 2430
5218 2430
3728 2431
4128 2431
2703 2432
4326 2433
4629 2433
5116 2433
4758 2434
4964 2434
4966 2434
4228 2435
5102 2435
5103 2435
3914 2436
4704 2436
4761 2436
3156 2437
4356 2437
4462 2437
2847 2438
4725 2438
4218 2439
4445 2439
5045 2439
3364 2440
2820 2441
2821 2441
4074 2441
4203 2442
5006 2442
4020 2443
4462 2443
4653 2443
2446 2444
4048 2444
2446 2445
4048 2445
4048 2447
2449 2448
4048 2448
4048 2449
4052 2449
3620 2450
4264 2450
3845 2452
4449 2452
3871 2453
4293 2453
4697 2453
3317 2454
4127 2454
4264 2454
3787 2455
4126 2455
4623 2455
4541 2456
4801 2456
4906 2456
3620 2458
4127 2458
5085 2458
4052 2459
3289 2460
4265 2460
2909 2461
3572 2461
5034 2461
3540 2462
4053 2462
4616 2462
2470 2463
4348 2463
3839 2464
4265 2464
5090 2464
4667 2465
4274 2466
4591 2466
4959 2467
5020 2467
3838 2468
4621 2468
3839 2469
4264 2469
4265 2469
3709 2470
4607 2470
3702 2471
3983 2471
5264 2472
3830 2473
4856 2473
3368 2474
4264 2474
3829 2475
4111 2475
5235 2476
5254 2476
4584 2477
4998 2477
5150 2477
3827 2478
4890 2478
5038 2478
2481 2479
2868 2479
3915 2480
4357 2480
4576 2480
2868 2481
5006 2481
2501 2482
4533 2482
4806 2483
4039 2484
4533 2484
5089 2484
3810 2485
4268 2485
5086 2485
3820 2486
4837 2486
4838 2486
3698 2487
5006 2487
3819 2488
5245 2488
4415 2489
4976 2489
3599 2490
4296 2490
4444 2490
4948 2491
4117 2492
4423 2492
4820 2492
3699 2493
4008 2493
4913 2493
4155 2494
4361 2494
4527 2494
3686 2495
3687 2495
5296 2495
3577 2496
5189 2496
5230 2496
4224 2497
4625 2497
5179 2497
4229 2498
4874 2498
5073 2498
4296 2499
4995 2500
5072 2500
5075 2500
3810 2501
4820 2501
2703 2503
5168 2503
3966 2504
4357 2504
4636 2505
5066 2505
5295 2506
4221 2507
4545 2508
4604 2508
3559 2509
4086 2509
4232 2509
4083 2510
4959 2510
5022 2510
4099 2511
4745 2511
5009 2511
2514 2513
2516 2514
4112 2516
4103 2517
4815 2517
5091 2517
3804 2518
4233 2518
4252 2518
3589 2519
5071 2519
5072 2519
4003 2520
4705 2520
4759 2521
4366 2522
4578 2522
4410 2523
5050 2523
4467 2524
4509 2524
2665 2525
2998 2525
3719 2526
4902 2526
4311 2527
5092 2527
5164 2527
5166 2528
5219 2528
3054 2529
3788 2529
4337 2529
3324 2530
4479 2530
4694 2530
4108 2531
4479 2531
4587 2531
3939 2532
5078 2532
3792 2533
4910 2533
3608 2534
4123 2534
4308 2534
3940 2535
4004 2535
4776 2535
2539 2536
3789 2536
5264 2537
2890 2538
4582 2538
5165 2538
4525 2539
3742 2540
4582 2540
5247 2540
4163 2541
5030 2541
3786 2542
4944 2542
4231 2543
4659 2543
3952 2544
4250 2544
5010 2544
3741 2545
4332 2545
5139 2545
4147 2546
4835 2546
5165 2546
3736 2547
5157 2547
5172 2547
4682 2548
5259 2548
4236 2549
4975 2549
3778 2550
3812 2550
4836 2550
3613 2551
3779 2551
5045 2551
3601 2552
3772 2552
3775 2553
4560 2553
4836 2553
3213 2554
5151 2554
4505 2555
4991 2555
3723 2556
4441 2556
4712 2556
3024 2557
4160 2557
4493 2557
4481 2558
4568 2558
4929 2558
4398 2559
4560 2559
4622 2559
2867 2560
4066 2560
4074 2560
4223 2561
4245 2561
5171 2562
5172 2562
5247 2562
4131 2563
4850 2563
5172 2563
3973 2564
4606 2564
4140 2565
4596 2565
3934 2566
4854 2566
5173 2566
2608 2567
4923 2567
4205 2568
4646 2568
5095 2569
4311 2570
5156 2570
5247 2570
3158 2571
4844 2571
4845 2571
3677 2572
4982 2572
4031 2573
4024 2574
4739 2574
5158 2574
5205 2575
3781 2576
4823 2576
3778 2577
3812 2577
4425 2577
4392 2578
4394 2578
4995 2579
4996 2579
5073 2579
4466 2580
4707 2580
4992 2580
2884 2581
4678 2581
4450 2582
4732 2582
4057 2583
4158 2583
4486 2584
5286 2584
3744 2585
4131 2585
4738 2585
4254 2586
4901 2586
4940 2586
4069 2587
4494 2587
4858 2587
4469 2588
4822 2588
4982 2588
3478 2589
4488 2589
4992 2589
3184 2590
3722 2590
3688 2591
4568 2591
4929 2591
2989 2592
3776 2593
4542 2593
5039 2593
4711 2594
4876 2594
3164 2595
4873 2595
3752 2596
3744 2597
4739 2597
4848 2597
3522 2598
3931 2598
3740 2599
5068 2599
2611 2600
5206 2600
3731 2601
4645 2601
4848 2601
3491 2602
3618 2602
3642 2602
4300 2603
5147 2603
4021 2604
4657 2604
4848 2604
3733 2605
4673 2605
5191 2605
4345 2606
4346 2606
4570 2607
4993 2607
4996 2607
4922 2608
4923 2608
2682 2609
3388 2609
3808 2609
4679 2610
4522 2611
5206 2611
4530 2612
4866 2612
3182 2613
4862 2613
4863 2613
3729 2614
4069 2614
4435 2614
3731 2615
4848 2615
5102 2616
5103 2616
4261 2617
4855 2618
4001 2619
4524 2619
4665 2619
3388 2621
3642 2621
3808 2621
2692 2622
2912 2622
4091 2622
4190 2623
4491 2623
4833 2623
4072 2624
5135 2624
4552 2625
3815 2627
4211 2627
3382 2628
3518 2628
4091 2628
4258 2629
4826 2629
4840 2629
4754 2630
5236 2630
5237 2630
3536 2632
3915 2632
4548 2632
3724 2633
3784 2633
4924 2633
4258 2634
4824 2634
4825 2634
3770 2635
4427 2635
4777 2635
4477 2636
4744 2636
5295 2636
4491 2637
4747 2637
4970 2637
3748 2638
4979 2638
4412 2639
5200 2639
5201 2639
3461 2640
4187 2640
5022 2640
4818 2641
4969 2641
4970 2641
3557 2642
3642 2642
4427 2642
3714 2643
3909 2643
4248 2643
3730 2644
4655 2644
4043 2645
4052 2645
5144 2645
3468 2646
5057 2646
4315 2647
5019 2647
5020 2647
3712 2648
4432 2648
5160 2648
4655 2649
4694 2649
3687 2650
4822 2651
5285 2651
4255 2652
4690 2652
4945 2652
4261 2653
4970 2653
3991 2654
4656 2654
4871 2654
3707 2655
4850 2655
5159 2655
4183 2656
5290 2656
4972 2657
4063 2658
4935 2658
3586 2659
4118 2659
4520 2659
3930 2660
4449 2660
3930 2661
4449 2661
3173 2662
3184 2662
3237 2663
3847 2663
3701 2664
4798 2664
3817 2666
4099 2666
5007 2666
4940 2667
5131 2667
5188 2667
2689 2668
4858 2668
5164 2668
4541 2669
4907 2669
4908 2669
4919 2670
4920 2670
4745 2671
5009 2671
4520 2672
4870 2672
4872 2672
3708 2673
4542 2673
5161 2673
2848 2674
3264 2674
3578 2674
4179 2675
4966 2675
5060 2676
4343 2678
4567 2678
5069 2678
4528 2679
4821 2679
4957 2679
2769 2680
3044 2680
4173 2681
5190 2681
3388 2682
3642 2682
3848 2683
5021 2683
5022 2683
5036 2684
5132 2684
5202 2685
3363 2686
3523 2686
3363 2687
3523 2687
2999 2688
3580 2688
4313 2689
5164 2689
4152 2690
4141 2691
4391 2691
2912 2692
4082 2693
4908 2693
3694 2694
4370 2694
4890 2694
3314 2695
4972 2695
2698 2696
3439 2696
3187 2697
4189 2697
4898 2697
3209 2698
4208 2698
3692 2699
4575 2699
4832 2699
4599 2700
3281 2701
4129 2701
4491 2702
5162 2702
5166 2703
5097 2705
5098 2705
2713 2706
3970 2706
2713 2707
3970 2707
3892 2708
4210 2708
4130 2709
4640 2709
4919 2709
4451 2710
4921 2710
5039 2710
4225 2711
4514 2711
4737 2711
3904 2712
4340 2712
4354 2712
3972 2713
4129 2713
3747 2714
4422 2714
4937 2714
4130 2715
4641 2715
4855 2715
4641 2716
5160 2716
4097 2717
4954 2717
5104 2717
4500 2718
4918 2718
4919 2718
4432 2719
4737 2719
4918 2719
4354 2720
4918 2720
4921 2720
4511 2721
4925 2721
3822 2722
4426 2722
4656 2722
2726 2723
3487 2723
4094 2724
4640 2724
4641 2724
4358 2725
4676 2725
4750 2725
3436 2726
3487 2726
3683 2727
4451 2727
4918 2727
3468 2728
3903 2729
4132 2730
4628 2730
4868 2730
2979 2731
3093 2731
2978 2732
4673 2732
5222 2732
4191 2733
4998 2733
5149 2733
3029 2734
4165 2734
5136 2734
4729 2735
4501 2736
4735 2736
4842 2736
4559 2737
4892 2737
5177 2737
4464 2738
5281 2738
4132 2739
4867 2739
5014 2739
4688 2740
2941 2741
4500 2743
4514 2743
3680 2744
4134 2744
4136 2744
3437 2745
4757 2745
3715 2746
4110 2746
5240 2746
3592 2747
4553 2747
4764 2747
3637 2748
4322 2748
4165 2749
4457 2749
5135 2749
4463 2750
5239 2750
5240 2750
3670 2751
4204 2751
5005 2751
2870 2752
2985 2752
3691 2752
4885 2753
2756 2754
3988 2754
4042 2754
2764 2755
4513 2755
4563 2755
4042 2756
5115 2756
2781 2757
5212 2757
4243 2758
4563 2758
5242 2758
4115 2759
4459 2759
4563 2759
3777 2760
3984 2760
3664 2761
4668 2761
5115 2761
3660 2762
4234 2762
5106 2762
2773 2763
3958 2763
4234 2764
4563 2764
3662 2765
4489 2765
5277 2765
3661 2766
4883 2766
3660 2767
4115 2767
4234 2767
3658 2768
4184 2768
4671 2768
3753 2769
2811 2770
3047 2770
2877 2771
3619 2771
4635 2771
3906 2772
5279 2772
5280 2772
4162 2774
4421 2774
4827 2774
4243 2775
4854 2775
2789 2776
4603 2776
2802 2777
4033 2777
4343 2777
3192 2778
3332 2778
4663 2778
3397 2780
3509 2780
5212 2781
5263 2781
4082 2782
4908 2782
4911 2782
3648 2783
4808 2783
4111 2784
4383 2784
5042 2784
3149 2785
5234 2785
4071 2786
5128 2786
5076 2787
4807 2788
5058 2788
4603 2790
3016 2791
4963 2791
5065 2791
4132 2792
4868 2792
5016 2792
4033 2793
4963 2793
5068 2793
4283 2794
4916 2794
3646 2795
5030 2795
4804 2796
4165 2797
4457 2797
5184 2797
3982 2798
4636 2798
4686 2798
4339 2799
4544 2799
3982 2800
4106 2800
5066 2800
3912 2801
4343 2802
5068 2802
4762 2803
4894 2803
3619 2804
4161 2804
4557 2804
4803 2805
5194 2805
3654 2806
4557 2806
5115 2807
5200 2807
4602 2808
4735 2808
4839 2808
2827 2809
3049 2811
4095 2811
4455 2812
3691 2813
3896 2813
4315 2813
3508 2814
3524 2814
3901 2814
3207 2815
3877 2815
4633 2815
4389 2816
3102 2818
4090 2818
2821 2819
4074 2819
2867 2821
4119 2822
4661 2822
5031 2822
4406 2823
4635 2823
5174 2823
3628 2824
4079 2824
5225 2824
3636 2825
4806 2825
4891 2825
3553 2826
4405 2826
4564 2826
3673 2827
5153 2827
3637 2828
4145 2828
4070 2829
4743 2829
5067 2829
3878 2830
4337 2830
2880 2831
3287 2831
3576 2831
4307 2832
4691 2832
4307 2833
4702 2833
4338 2834
4623 2834
4625 2834
4030 2835
4742 2835
5129 2835
3793 2836
4781 2836
4463 2837
5041 2837
2860 2838
4213 2838
4489 2838
3766 2839
4309 2839
4934 2839
2878 2840
3682 2840
3027 2841
4088 2841
4702 2841
4090 2842
3672 2843
4681 2843
5251 2843
3153 2844
3213 2844
4933 2844
4939 2845
5282 2845
5283 2845
4947 2846
2859 2847
4725 2847
3264 2848
3825 2848
2889 2849
2892 2849
4710 2850
4843 2850
4933 2850
4262 2851
4983 2851
4984 2851
3501 2852
3502 2852
3295 2853
3451 2853
3495 2853
4092 2854
4690 2854
4876 2854
4797 2855
3092 2856
3487 2856
3669 2856
3794 2857
4987 2857
4197 2858
5252 2858
4410 2859
4725 2859
4489 2860
5285 2860
4532 2861
4817 2861
5205 2861
4461 2862
4775 2862
4005 2863
4045 2863
5256 2863
3235 2864
3630 2864
3410 2865
4828 2865
4348 2866
4606 2866
4765 2868
4353 2869
4985 2869
5069 2869
2985 2870
5154 2870
5241 2871
4355 2872
4864 2872
4911 2872
2874 2873
2946 2873
3595 2873
2946 2874
3595 2874
2933 2875
2946 2875
4618 2875
3381 2876
3651 2876
4249 2876
4558 2877
3682 2878
3027 2879
3030 2879
4702 2879
3624 2881
4939 2881
4681 2882
5027 2883
5028 2883
5063 2883
4678 2884
3622 2885
4124 2885
4411 2885
4012 2886
4802 2886
4977 2886
4572 2887
5137 2887
3757 2888
3942 2888
4979 2888
2892 2889
3336 2889
3806 2890
5165 2890
4521 2891
4619 2891
4986 2891
3305 2892
3649 2893
4802 2893
4979 2893
3999 2894
4397 2894
5214 2894
3615 2895
3908 2895
4904 2895
3757 2896
3905 2896
4617 2896
2902 2897
2915 2897
4388 2897
5101 2898
5143 2898
3614 2899
3916 2899
4388 2899
4471 2900
4990 2900
5126 2900
3916 2901
4241 2901
4387 2901
2915 2902
4387 2902
3604 2903
4710 2903
3990 2904
4104 2904
4387 2904
4611 2905
4766 2905
5214 2905
3416 2906
3791 2906
4618 2906
3609 2907
4679 2907
4763 2907
3842 2908
3843 2908
4185 2908
5212 2909
3517 2910
3523 2910
3735 2910
3979 2911
4275 2911
5289 2911
3326 2912
4690 2912
4364 2913
4717 2913
5177 2913
4104 2914
4371 2914
4372 2914
3990 2915
4750 2916
4900 2917
4102 2918
4148 2918
4276 2918
3604 2919
4417 2919
3791 2920
4198 2920
4372 2920
3865 2921
4499 2921
4950 2921
3689 2922
4198 2922
4371 2922
3760 2923
4516 2923
5095 2923
3795 2924
4859 2924
4478 2925
4751 2925
5229 2925
3676 2926
4148 2926
4664 2926
2928 2927
3021 2927
3576 2927
3021 2928
3575 2928
3835 2929
4953 2929
4962 2929
3363 2930
4564 2930
4845 2930
3574 2931
3575 2931
3976 2931
5287 2932
2946 2933
4629 2934
2941 2935
2945 2935
3065 2936
4766 2936
5218 2936
3899 2937
4135 2937
4416 2937
3548 2938
4367 2938
4368 2938
3543 2939
4574 2939
3255 2940
2942 2941
2943 2941
2944 2943
2945 2943
4675 2945
4618 2946
4000 2947
4346 2948
4658 2948
4471 2949
4714 2949
4715 2949
3748 2950
4456 2950
5065 2950
3498 2951
4755 2951
4892 2951
3866 2952
4431 2952
4978 2952
4471 2953
4715 2953
4716 2953
4236 2954
4431 2954
4978 2954
4471 2955
4716 2955
4990 2955
4643 2956
4891 2956
5232 2956
3378 2957
3853 2957
3787 2958
4624 2958
4773 2958
4869 2959
4870 2959
4989 2960
4990 2960
5123 2960
4688 2961
5274 2961
4247 2962
5053 2962
3814 2963
5245 2963
3765 2964
4809 2964
5026 2964
4023 2965
4140 2965
5220 2965
3054 2966
4699 2966
5114 2967
5155 2967
3590 2968
3591 2968
4574 2968
3823 2969
5288 2969
3985 2970
4648 2970
4155 2971
4361 2971
4693 2971
3955 2972
4342 2972
4593 2972
4239 2973
4954 2973
5056 2973
4779 2974
4857 2974
4973 2974
4772 2975
5044 2975
3665 2976
4353 2976
4571 2976
4201 2977
4202 2977
3497 2978
5222 2978
3093 2979
4568 2980
4938 2980
4608 2981
4961 2981
5056 2981
3739 2982
3842 2982
3844 2982
4064 2983
4724 2983
4974 2983
5034 2984
5268 2984
3911 2985
4294 2986
4821 2986
4329 2987
4715 2987
4754 2987
4238 2988
4506 2988
4547 2988
4073 2989
4688 2989
4439 2990
4506 2990
4547 2990
4334 2991
4347 2991
4183 2992
4716 2992
5290 2992
3022 2993
3841 2993
3930 2994
4331 2994
4217 2995
4484 2995
4881 2995
4329 2996
4714 2996
5126 2996
3833 2997
4250 2998
4745 2998
3579 3000
4518 3000
4755 3000
4942 3001
4327 3002
5001 3002
5127 3002
3815 3003
4207 3003
3893 3004
5001 3004
5257 3004
3663 3005
4552 3005
4674 3005
4277 3006
5215 3006
5216 3006
4987 3007
4988 3007
4471 3008
4847 3008
4990 3008
3202 3009
3218 3009
4719 3009
3577 3010
5193 3010
5230 3010
4302 3012
4847 3012
5291 3012
3941 3013
4159 3013
4756 3013
3018 3014
3850 3014
4546 3014
3552 3015
4654 3015
4756 3015
4686 3016
4963 3016
4478 3017
5012 3017
5203 3017
3850 3018
4698 3018
3552 3019
3805 3019
4495 3019
3750 3020
4654 3020
5235 3020
3574 3021
3343 3022
3841 3022
3143 3023
3280 3023
4493 3024
5223 3025
5224 3025
3354 3026
4873 3026
4702 3027
3215 3028
4691 3028
5253 3028
5136 3029
3126 3031
3131 3031
3033 3032
3034 3032
3035 3032
3034 3033
3035 3033
3035 3034
3037 3036
4929 3036
4929 3037
3132 3038
4402 3038
5205 3038
3158 3039
4272 3039
4844 3039
3550 3040
4597 3040
4831 3040
4389 3041
4545 3041
5267 3041
3643 3042
4116 3042
3047 3043
3049 3043
4095 3043
4535 3045
4831 3045
4859 3045
4143 3046
4401 3046
4579 3046
3048 3047
3049 3048
4095 3048
3638 3050
3981 3050
4195 3050
3800 3052
4566 3052
5025 3052
4274 3053
5030 3053
4699 3054
4852 3056
4859 3056
4860 3056
4503 3057
4859 3057
4861 3057
4498 3058
5051 3058
3837 3059
4499 3059
4565 3059
3568 3060
4470 3060
5167 3060
3484 3061
4993 3061
3076 3062
4145 3062
3563 3063
4360 3063
4799 3063
3632 3064
4099 3064
5176 3065
5218 3065
3075 3066
5046 3066
5047 3066
3106 3067
4159 3067
4756 3067
3082 3068
3696 3068
3583 3069
5101 3069
4317 3070
4775 3070
5007 3070
3833 3071
3075 3072
4756 3072
5046 3072
3085 3073
3561 3074
3768 3074
4579 3074
4756 3075
3656 3077
4797 3077
5216 3077
3777 3078
3975 3078
4059 3079
4785 3079
3561 3080
4195 3080
4401 3080
3644 3081
4980 3081
5047 3081
3696 3082
3558 3083
4470 3083
5170 3083
4150 3084
4453 3084
4322 3085
3883 3086
5036 3086
4685 3087
4980 3087
5170 3087
4110 3088
3882 3089
4536 3089
4627 3089
4685 3090
5049 3090
5203 3090
4543 3091
4544 3091
3669 3092
4360 3092
5216 3093
5048 3094
5051 3094
5203 3094
4796 3095
5247 3095
4573 3096
4685 3096
5048 3096
3099 3097
3928 3097
3834 3098
4536 3098
5169 3098
3831 3099
3928 3099
3517 3100
3735 3100
4564 3100
3631 3101
5004 3101
4090 3102
4137 3103
4997 3103
5137 3103
3631 3104
3818 3104
5004 3104
3859 3105
4663 3105
5062 3105
4756 3106
5048 3106
3146 3107
3857 3107
4363 3108
4505 3108
4989 3108
3783 3109
3843 3109
3844 3109
3159 3110
4365 3111
4831 3111
4861 3111
4194 3112
5127 3112
5130 3112
3248 3113
4695 3113
3115 3114
3130 3114
4861 3114
3130 3115
4861 3115
3163 3116
3389 3116
4684 3117
5000 3117
5260 3117
4659 3118
4714 3119
4991 3119
5290 3119
3140 3120
3318 3120
3631 3120
4365 3121
4725 3121
4830 3121
3129 3122
3550 3122
4830 3122
4737 3123
4780 3123
4498 3124
4829 3124
4852 3124
3211 3125
4630 3125
4830 3125
3131 3126
4345 3126
3538 3127
4498 3127
4630 3127
3571 3128
4632 3128
5187 3128
3550 3129
4829 3129
4365 3130
4402 3132
5094 3132
4318 3133
4674 3133
4171 3134
4472 3134
3703 3135
3856 3135
4047 3135
3607 3136
4060 3136
4281 3136
4078 3137
4899 3137
5189 3137
4301 3138
4772 3138
5044 3138
3961 3139
3962 3139
3963 3139
3318 3140
3631 3140
4605 3140
4305 3141
4408 3141
4409 3141
4080 3142
4537 3142
3280 3143
3304 3143
3854 3144
3855 3144
3856 3144
4412 3145
5043 3145
3546 3146
5256 3146
3405 3147
3623 3147
4408 3147
3716 3148
4666 3148
4282 3149
5234 3149
3545 3150
3872 3150
3873 3150
3852 3151
4652 3151
5129 3151
4170 3152
5163 3152
3213 3153
4410 3154
4630 3154
4725 3154
4113 3155
4647 3155
3175 3156
4324 3157
4376 3157
4380 3157
4272 3158
4844 3158
3605 3160
4289 3160
5268 3160
4219 3161
4782 3161
4789 3161
3389 3163
4771 3164
3974 3165
4603 3166
4876 3166
4603 3167
4876 3167
3929 3168
4885 3168
3920 3170
4251 3170
5202 3170
3647 3171
3835 3171
3865 3171
4608 3172
3184 3173
5293 3173
3677 3174
3741 3174
4462 3175
4675 3175
5005 3176
5176 3176
5178 3176
3293 3177
4047 3177
4051 3177
4270 3178
4875 3178
5053 3178
4575 3179
4929 3180
3541 3181
3726 3181
4709 3181
3426 3182
4862 3182
4863 3182
4507 3183
4816 3183
4940 3183
5121 3184
4613 3185
5298 3186
3243 3188
4240 3188
4018 3189
4096 3189
4101 3189
3535 3191
3684 3191
4377 3191
3332 3192
3859 3192
3352 3193
3296 3194
3886 3194
4394 3194
3296 3195
3886 3195
4394 3195
3197 3196
3198 3196
3199 3196
3198 3197
3199 3197
4785 3198
4167 3199
3237 3200
3293 3200
4047 3200
4373 3201
5144 3201
5149 3201
4719 3202
5235 3202
3539 3203
4708 3203
4768 3203
3296 3204
3886 3204
3980 3204
3415 3205
5125 3205
4701 3206
5259 3206
3877 3207
4006 3207
4465 3208
4784 3208
3753 3209
3663 3210
4552 3210
4674 3210
3538 3211
4630 3211
5296 3212
4493 3214
4770 3214
4088 3215
5253 3215
4769 3217
3535 3219
3684 3219
4380 3219
3534 3220
4782 3220
4783 3220
3533 3221
3555 3221
4034 3221
3371 3223
4059 3223
4781 3223
4853 3224
3226 3225
4133 3225
5125 3225
4133 3226
5125 3226
3875 3227
4284 3227
3621 3228
3980 3229
4395 3229
4396 3229
4550 3230
4767 3230
4768 3230
4105 3231
4393 3231
4746 3231
4101 3232
4393 3232
4746 3232
4004 3233
4312 3233
5007 3233
4216 3234
5040 3234
3259 3235
3630 3235
4252 3236
4047 3237
3532 3238
4805 3238
5015 3238
3531 3239
3925 3239
4176 3239
3529 3240
4967 3240
5139 3240
4540 3241
4935 3241
4936 3241
4163 3242
4851 3242
5275 3243
3528 3244
5082 3244
5083 3244
4259 3245
4941 3245
5269 3245
4399 3246
5266 3246
5267 3246
3925 3247
4037 3247
5274 3247
3492 3248
4695 3248
3717 3249
3876 3249
3940 3249
3266 3250
3657 3250
3697 3251
4660 3251
5139 3251
3666 3252
4036 3252
4936 3252
5038 3253
5086 3253
4941 3254
5139 3254
5142 3254
4259 3256
4362 3256
5138 3256
4585 3257
4838 3257
4839 3257
4513 3258
5242 3258
3278 3259
3630 3259
4203 3261
4540 3261
5040 3261
4287 3262
4492 3262
4650 3262
4389 3263
3825 3264
4620 3264
4728 3265
4935 3265
5275 3265
5263 3266
5011 3268
4419 3269
4904 3269
5096 3269
4569 3270
4321 3271
4495 3272
5235 3272
5254 3272
3603 3274
4453 3274
5271 3274
3603 3275
3738 3275
5271 3275
4620 3276
4959 3276
5019 3276
3603 3277
4452 3277
5271 3277
4242 3278
5243 3278
4151 3279
3969 3281
3979 3282
5290 3282
3284 3283
4962 3283
4523 3284
4247 3285
5062 3285
5153 3285
3312 3287
3408 3288
3419 3288
3620 3289
3653 3290
4112 3290
4576 3290
4036 3291
4063 3291
5274 3291
3645 3292
3678 3294
4675 3294
3451 3295
3495 3295
4394 3296
4171 3297
4740 3297
3515 3298
4804 3298
5124 3298
3938 3299
4434 3299
5070 3299
3720 3300
3873 3300
3957 3300
3873 3301
3881 3301
3364 3302
4251 3303
3306 3304
4135 3307
4136 3307
3370 3308
4844 3308
3479 3310
3510 3310
3515 3310
4793 3311
4794 3311
3351 3312
4485 3313
5042 3313
5230 3313
3583 3315
5100 3315
5101 3315
4181 3316
4298 3317
4596 3318
4092 3319
4384 3319
4642 3319
4502 3320
4600 3320
4601 3320
3333 3321
4056 3322
4834 3322
4922 3322
4056 3323
4759 3323
4834 3323
3659 3324
4479 3324
3367 3325
5102 3325
5103 3325
4384 3326
3479 3327
3511 3327
3515 3327
4320 3328
4967 3328
5269 3328
3948 3329
4430 3329
4887 3329
4301 3330
4677 3330
4484 3331
5128 3331
4138 3332
5211 3333
4295 3334
4628 3334
5021 3334
4943 3335
3338 3337
3526 3337
3426 3339
3495 3339
4741 3340
4942 3341
4943 3341
3841 3343
4096 3343
4674 3344
4884 3345
4885 3345
5134 3345
4352 3346
5041 3346
3717 3347
4004 3347
5101 3348
5143 3348
4599 3349
5098 3349
5278 3349
4873 3350
5071 3350
3942 3351
3976 3351
4891 3352
4230 3353
5063 3353
5064 3353
4229 3354
4662 3354
4250 3356
4251 3356
4578 3357
3930 3358
3360 3359
3395 3359
5178 3359
3395 3360
5178 3360
3413 3361
4628 3361
5021 3361
4386 3362
4720 3362
4564 3363
3782 3365
4680 3365
4182 3366
4002 3367
3620 3368
3629 3369
3945 3369
4878 3369
4269 3370
4781 3371
4782 3371
3953 3372
5058 3372
5061 3372
4222 3373
4909 3373
4917 3373
4477 3374
3530 3375
3997 3375
4015 3375
3572 3376
3853 3378
4286 3378
4612 3379
4926 3379
5258 3379
4483 3380
4612 3380
5099 3380
4248 3381
4249 3381
3507 3382
3518 3382
4091 3382
4214 3383
4734 3383
4735 3383
4525 3384
5246 3384
5271 3384
4355 3385
4556 3385
4912 3385
3474 3386
4300 3386
3497 3387
3516 3387
5222 3387
3557 3388
4055 3389
5095 3389
5221 3389
5074 3390
4711 3391
4876 3391
3903 3392
4450 3392
3514 3393
3525 3393
3527 3393
3816 3394
4015 3394
4025 3394
4559 3395
4150 3396
4741 3396
4759 3396
3509 3397
3410 3398
4260 3398
3527 3399
3555 3399
5004 3399
4681 3400
5240 3400
5017 3401
5023 3401
5026 3401
4286 3402
4504 3402
5035 3402
4682 3403
4926 3403
4927 3403
4891 3404
3623 3405
4408 3405
4409 3405
3596 3406
4425 3406
5244 3406
3895 3407
4099 3407
3419 3408
3479 3408
4005 3409
5255 3409
4260 3410
4827 3410
4447 3411
3413 3412
4628 3412
5021 3412
4628 3413
3828 3414
4668 3414
4054 3415
4376 3415
3791 3416
4372 3416
4021 3417
4657 3417
4361 3418
4825 3418
3510 3419
3511 3419
3453 3420
3481 3420
4886 3420
4589 3421
4948 3421
3483 3422
3501 3422
4796 3423
5241 3423
5242 3423
3675 3424
4760 3424
4883 3424
4192 3425
4367 3425
4524 3425
3495 3426
4862 3426
4863 3426
4040 3427
4637 3427
4776 3427
4216 3428
4581 3429
4821 3429
5023 3429
3848 3430
4295 3430
5015 3430
4290 3431
4696 3431
4906 3431
3926 3432
4860 3432
5109 3433
3863 3434
3984 3434
4885 3435
5133 3435
5186 3435
3487 3436
3669 3436
4005 3436
5052 3437
3540 3438
4704 3438
3753 3439
4210 3439
4201 3440
4256 3440
4257 3440
3503 3441
3596 3441
4147 3441
4601 3442
4431 3443
4976 3443
4669 3444
3711 3445
5287 3445
3759 3446
4081 3446
4655 3447
4087 3449
4638 3449
3593 3450
4303 3450
4952 3450
3495 3451
4863 3451
4273 3452
5121 3452
3520 3453
4886 3453
3519 3454
3524 3454
3901 3454
3524 3455
5154 3455
3500 3456
3602 3456
4883 3456
4752 3457
4999 3457
5231 3457
3811 3458
4736 3458
4748 3458
3759 3459
4221 3460
4187 3461
4349 3461
3625 3462
5120 3462
5121 3462
5002 3463
5222 3463
4193 3464
4347 3464
4865 3464
3508 3465
3524 3465
3901 3465
4197 3466
5253 3466
4530 3467
5152 3467
4952 3468
4194 3469
5209 3470
5210 3470
5211 3470
4406 3471
5107 3471
4135 3472
4290 3472
3816 3473
3997 3473
5211 3473
4590 3475
4604 3475
4796 3476
4955 3476
5207 3476
3589 3477
5071 3477
4488 3478
3510 3479
4421 3480
4828 3480
3520 3481
3522 3481
5243 3482
3501 3483
3523 3483
4555 3484
4992 3484
4200 3485
4201 3485
4202 3485
4693 3486
4825 3486
4351 3488
5041 3488
4731 3489
4732 3489
4905 3489
4551 3490
5037 3490
5133 3490
3642 3491
3808 3491
4788 3492
4458 3493
3737 3494
4696 3494
4906 3494
4863 3495
3514 3496
3521 3496
3525 3496
3516 3497
4755 3498
4117 3499
5163 3499
3602 3500
3517 3501
3523 3501
3596 3503
5245 3503
3582 3505
3967 3505
4368 3505
4196 3506
4937 3506
3518 3507
4642 3507
3519 3508
3512 3510
3512 3511
3515 3512
4349 3513
5017 3513
5027 3513
3521 3514
5279 3515
4673 3516
5002 3516
4642 3518
4876 3518
3524 3519
3526 3519
3525 3521
3555 3521
5135 3522
3901 3524
5154 3524
4129 3526
4424 3528
5081 3528
5082 3528
4266 3529
5140 3529
4025 3530
4792 3530
3650 3531
4728 3531
4187 3532
4349 3532
4805 3532
5015 3532
3610 3533
3957 3533
4059 3534
4781 3534
4379 3535
4379 3537
4631 3538
4465 3539
4769 3539
4729 3541
4730 3541
4320 3542
4733 3542
4941 3542
4968 3542
4779 3543
5234 3544
3720 3545
5255 3546
4632 3547
5186 3547
5262 3547
5264 3547
3716 3548
5085 3549
4207 3551
4209 3551
4654 3552
4405 3553
4732 3553
4274 3554
4510 3554
4591 3554
5112 3554
3896 3556
3911 3556
5154 3556
3642 3557
5282 3557
4174 3558
4980 3558
4144 3559
4232 3559
4529 3559
3970 3560
3971 3560
4195 3561
4170 3562
5087 3562
5046 3563
5050 3563
3655 3564
3954 3564
4008 3564
4913 3564
4616 3565
4762 3565
4481 3566
4568 3566
5197 3566
5237 3566
4651 3567
5282 3567
4860 3568
4671 3569
5120 3569
5184 3571
5196 3571
4853 3572
4014 3573
4455 3573
4558 3573
3976 3575
4003 3575
3825 3578
4279 3578
4958 3578
4803 3579
4816 3579
4155 3581
4361 3581
4527 3581
4693 3581
3967 3582
4192 3582
4523 3582
5101 3583
5146 3583
3585 3584
4490 3584
4862 3584
4913 3584
4490 3585
4862 3585
4913 3585
4794 3586
4811 3586
4770 3587
5151 3588
5073 3589
4262 3590
4974 3590
4262 3591
4974 3591
4854 3592
5173 3592
3629 3593
3945 3593
4618 3595
4619 3595
4706 3595
4488 3597
4811 3597
4871 3597
4995 3597
5122 3598
4390 3599
4391 3599
4508 3600
5161 3600
4749 3602
4884 3602
5271 3603
5198 3605
4612 3606
5099 3606
5210 3606
5211 3606
4281 3607
4305 3607
4408 3607
4057 3608
5019 3608
4137 3609
4678 3609
4154 3610
4856 3611
4323 3612
4433 3612
4711 3612
4712 3612
4218 3613
4928 3613
3916 3614
4241 3614
4521 3614
3908 3615
5214 3615
4757 3616
5054 3616
4427 3618
5213 3618
4557 3619
4480 3621
4639 3621
4663 3622
4122 3623
4407 3623
4593 3624
5284 3624
4512 3625
5294 3625
3682 3626
5082 3627
5083 3627
5084 3627
4671 3628
5226 3628
4878 3629
5007 3632
4138 3633
4442 3633
4663 3633
4724 3634
5065 3634
4584 3635
5148 3635
5182 3635
4806 3636
4824 3637
4825 3637
4143 3638
4535 3638
3640 3639
3641 3639
4490 3639
4863 3639
3641 3640
4490 3640
4863 3640
4490 3641
4556 3641
4116 3643
4565 3643
4951 3643
4852 3644
5203 3644
5232 3645
4461 3646
3835 3647
4499 3647
4953 3647
4330 3648
4363 3648
4241 3649
4387 3649
3925 3650
4037 3650
3897 3651
4318 3651
4263 3652
4670 3652
5236 3652
5266 3652
4382 3653
4548 3653
4455 3654
4633 3654
3954 3655
4008 3655
4335 3655
4913 3655
4419 3656
4107 3657
4676 3657
5263 3657
4297 3658
4108 3659
4114 3660
4884 3661
4887 3661
4777 3662
4249 3663
4318 3663
4353 3665
4974 3665
4975 3665
3922 3666
4592 3666
4302 3667
4846 3667
4847 3667
4604 3668
4902 3668
4045 3669
4611 3670
5004 3670
4590 3671
5069 3672
4948 3673
4949 3673
5207 3674
5208 3674
5209 3674
4430 3675
5035 3675
4102 3676
5289 3676
3741 3677
4509 3679
4290 3680
4908 3680
4316 3681
4330 3681
4989 3681
5123 3681
4098 3682
4428 3682
4094 3683
4451 3683
5174 3683
4324 3684
4377 3684
4299 3685
4815 3685
3687 3686
4160 3686
4160 3687
4093 3688
4198 3689
4371 3689
4388 3689
4617 3689
4576 3692
5100 3693
4747 3694
4352 3695
4534 3695
4727 3695
4955 3695
5138 3697
5272 3698
4335 3699
4497 3699
4395 3700
4396 3700
4878 3700
4960 3700
3863 3702
4792 3704
5099 3704
5208 3704
5184 3705
4403 3706
4577 3706
4508 3707
5160 3707
5087 3708
4078 3710
4673 3710
4899 3710
4900 3710
4595 3711
5231 3711
4818 3712
4971 3712
5160 3712
3720 3713
3872 3713
4154 3713
3868 3714
4552 3714
3940 3717
4625 3718
4717 3718
4718 3718
4185 3719
5145 3721
4752 3722
4875 3723
5052 3723
4156 3724
4924 3724
4925 3724
4153 3725
4154 3725
5005 3725
5176 3725
4073 3726
4729 3726
4971 3727
4260 3728
4069 3729
4739 3729
4849 3729
4479 3730
4646 3731
4439 3732
4506 3732
4880 3732
5235 3732
5189 3733
4383 3734
4790 3734
4791 3734
5193 3734
4845 3735
4907 3735
4909 3735
4398 3736
4622 3736
4235 3737
4905 3737
4906 3737
4150 3738
4453 3738
3843 3739
4227 3739
4415 3740
4973 3740
4982 3741
5273 3742
3907 3743
4490 3743
4556 3743
4913 3743
4848 3744
4062 3745
4433 3745
4538 3745
4413 3746
4680 3746
4696 3746
5131 3747
5180 3747
5065 3748
4344 3749
4495 3750
4799 3750
4424 3751
5080 3751
5081 3751
4271 3752
4789 3752
4123 3754
5021 3754
5024 3755
4188 3756
5167 3756
4617 3757
3961 3758
3962 3758
3963 3758
3964 3758
4437 3759
4943 3759
5095 3760
3762 3761
3763 3761
3764 3761
4392 3761
3763 3762
3764 3762
4392 3762
3764 3763
4392 3763
4395 3763
4392 3764
4396 3764
5027 3765
5028 3765
4672 3766
4587 3767
4800 3767
4815 3767
4401 3768
4580 3768
4151 3769
5278 3770
5279 3770
4086 3771
4144 3771
4232 3771
4301 3772
4677 3772
5043 3772
4231 3773
4068 3774
4436 3774
5173 3775
5171 3776
5174 3776
3863 3777
4835 3778
4928 3779
4205 3780
4645 3780
4657 3780
5259 3781
5288 3781
4413 3782
4907 3782
3842 3783
4227 3783
4156 3784
4747 3785
4623 3787
4624 3787
4300 3788
4877 3788
4452 3789
4923 3789
4381 3790
4454 3790
4614 3790
4958 3790
4617 3791
4864 3792
4550 3793
4579 3795
4860 3795
4559 3796
4940 3796
5131 3796
5179 3796
4671 3797
5120 3797
5166 3798
4332 3799
5000 3799
5142 3799
5268 3799
4566 3800
4615 3800
5025 3800
5261 3800
4199 3801
4200 3801
4256 3801
4257 3801
4336 3802
4530 3802
4126 3803
4369 3803
4623 3803
4718 3803
4292 3804
4480 3804
4756 3805
4799 3805
4582 3806
4692 3806
5246 3806
3823 3807
4486 3807
4777 3808
4667 3809
4917 3809
4942 3809
4945 3809
4697 3811
5153 3811
3945 3813
4303 3813
4952 3813
5245 3814
4207 3815
4015 3816
3895 3817
4487 3818
4527 3820
4841 3820
4473 3821
4504 3821
4515 3821
4426 3822
4656 3822
4869 3822
4872 3822
4283 3824
4335 3824
4497 3824
4906 3824
4279 3825
5020 3825
5134 3826
4562 3827
4851 3828
5031 3828
4899 3829
5042 3829
4172 3830
3970 3831
4074 3832
4627 3834
5234 3834
5207 3836
5208 3836
4950 3837
4953 3837
4610 3838
4298 3839
4534 3840
4051 3841
4095 3841
4185 3844
4492 3845
4511 3846
4658 3846
4096 3847
4392 3847
4295 3848
5021 3848
5095 3849
4583 3850
4903 3850
4066 3851
4462 3851
4030 3852
4473 3853
4886 3853
4031 3854
4705 3857
5195 3858
5062 3859
4554 3860
5250 3860
3961 3861
3962 3861
3963 3861
3964 3861
4823 3862
5258 3862
3975 3863
4314 3864
4962 3865
4977 3866
4978 3866
4759 3867
4248 3868
4552 3868
4834 3869
5097 3869
4501 3871
4517 3874
4811 3874
4996 3874
3940 3876
4004 3876
4312 3876
5107 3877
4337 3878
4751 3879
5204 3879
5223 3879
4462 3880
4653 3880
3957 3881
4034 3881
4049 3881
4536 3882
4626 3882
5048 3882
4602 3884
4334 3885
4345 3885
4346 3885
4865 3885
4395 3886
4396 3886
4458 3887
4590 3887
5037 3887
3889 3888
4065 3888
4066 3888
4075 3888
4065 3889
4066 3889
4726 3890
4893 3890
4894 3890
4895 3890
4603 3891
4946 3891
4210 3892
4211 3892
4595 3893
5233 3893
4215 3894
5013 3894
5261 3894
5154 3896
4249 3897
4804 3898
4136 3899
4908 3899
4810 3900
5081 3900
4459 3902
5106 3902
4450 3903
4061 3904
4225 3904
3942 3905
4672 3906
4934 3906
4556 3907
4910 3907
4913 3907
4359 3908
5095 3908
5100 3910
5104 3910
5154 3911
4261 3912
4969 3912
5226 3913
4893 3914
5013 3914
4548 3915
4639 3917
4932 3917
4467 3918
4510 3918
4501 3919
4586 3919
4602 3919
4734 3919
4035 3920
4044 3920
4775 3921
4036 3922
4063 3922
4720 3923
4638 3924
4683 3924
4931 3924
4852 3926
4860 3926
4861 3926
5053 3927
4749 3929
4884 3929
4887 3931
5134 3931
4043 3932
4440 3933
4581 3933
5025 3933
5174 3934
4328 3935
5142 3935
5155 3936
5156 3936
4351 3937
4534 3937
4727 3937
4955 3937
4434 3938
5075 3938
4570 3939
4994 3939
4654 3941
5235 3941
5094 3943
5096 3943
4600 3944
3987 3946
4405 3946
4564 3946
4845 3946
4754 3947
4991 3947
4753 3949
5228 3949
5231 3949
4121 3950
4374 3950
4375 3950
4416 3950
4689 3951
5013 3951
5018 3951
4251 3952
5201 3952
4589 3953
4008 3954
4801 3954
5284 3955
5285 3955
4567 3956
4049 3957
4853 3959
4244 3960
4460 3960
5225 3960
4843 3961
4843 3962
4585 3963
4840 3964
4637 3965
4776 3965
4889 3966
4890 3966
4523 3967
4937 3968
3972 3969
4129 3969
4607 3973
3986 3975
4003 3976
4984 3977
4543 3978
4960 3980
4143 3981
4686 3982
5066 3982
3985 3983
3985 3984
3986 3984
4648 3985
4405 3987
4731 3987
4845 3987
4142 3988
5200 3988
4288 3989
5054 3989
4371 3990
4426 3991
5108 3991
4763 3992
5132 3992
5133 3992
5136 3992
5159 3993
3995 3994
5146 3995
4133 3996
4377 3996
4378 3996
4379 3996
4025 3997
4476 3998
5143 3998
4755 3999
4892 3999
4296 4002
4617 4003
4706 4003
5255 4005
4743 4006
4521 4007
4617 4007
4619 4007
4801 4008
4913 4008
4549 4010
4763 4011
4981 4011
4985 4012
4436 4013
5157 4013
5209 4015
5205 4016
4095 4018
4105 4018
4029 4019
4032 4019
4046 4019
4862 4020
4864 4020
4849 4021
4531 4022
4621 4022
5221 4023
4738 4024
4483 4025
4752 4026
5225 4026
5229 4026
5230 4026
4710 4027
4837 4027
4842 4027
5152 4027
4712 4028
4046 4029
4403 4029
5106 4033
4049 4034
4153 4034
4154 4034
5275 4037
4661 4040
4358 4041
4469 4041
4676 4041
4684 4041
4142 4042
5200 4042
4745 4044
4153 4049
4648 4050
4998 4052
4615 4053
4616 4053
4700 4053
4133 4054
4377 4054
4378 4054
5269 4056
5270 4056
4123 4057
5019 4057
4643 4058
5227 4058
4407 4060
4225 4061
4340 4061
4433 4062
4539 4062
4711 4062
4973 4064
4066 4065
4462 4065
5033 4067
5160 4067
5156 4068
4435 4069
5106 4070
5242 4070
5001 4071
5127 4071
5186 4072
4730 4073
4524 4076
4665 4076
4081 4077
4437 4077
5190 4078
5225 4079
5192 4080
4375 4082
4614 4083
4958 4083
5023 4083
4534 4084
4319 4085
5210 4085
4144 4086
5075 4087
5251 4088
4726 4089
4758 4089
4896 4089
4964 4089
5024 4089
4092 4091
4481 4093
4568 4093
4918 4094
4096 4095
4101 4095
4746 4097
4961 4097
5201 4097
4753 4098
5010 4099
5291 4102
4786 4103
4789 4103
4802 4104
5067 4106
5239 4106
4676 4107
4591 4109
5029 4109
5110 4109
5111 4109
5112 4109
4554 4110
4791 4111
4382 4112
4647 4113
4812 4113
4115 4114
4459 4114
5106 4114
4499 4116
4565 4116
4950 4116
4820 4117
4871 4118
4722 4119
5031 4119
5224 4120
4374 4121
4375 4121
4416 4121
4906 4121
4912 4121
4407 4122
4663 4124
5060 4124
5000 4125
5142 4125
5212 4125
5213 4125
5262 4125
4369 4126
5038 4127
4257 4128
4523 4128
4524 4128
4640 4130
4628 4132
4868 4132
4377 4133
4378 4133
4135 4134
4416 4134
4763 4137
4321 4138
4522 4139
4532 4139
5206 4139
4605 4140
5220 4140
4390 4141
5032 4142
4232 4144
4826 4145
4555 4146
4707 4146
5074 4146
4275 4148
4583 4149
5093 4149
4152 4151
4364 4153
4837 4155
4842 4155
4924 4156
5151 4156
5183 4156
5187 4156
5109 4157
4308 4158
4620 4158
5019 4158
5053 4162
5055 4162
5058 4162
5029 4163
5109 4163
4386 4164
4770 4164
4771 4164
4874 4164
5070 4164
4903 4166
5166 4166
5168 4166
4729 4167
4783 4167
4785 4167
5288 4168
4378 4169
4379 4169
5125 4169
4423 4170
5276 4171
4549 4172
4609 4173
4790 4173
5189 4173
4470 4174
4503 4174
5047 4174
5183 4175
4728 4176
4936 4176
5081 4176
5274 4176
4761 4179
5132 4180
5136 4180
4510 4181
5210 4182
4715 4183
5226 4184
5238 4185
4741 4186
4349 4187
5015 4187
5023 4187
4698 4188
4656 4189
4870 4189
4888 4190
4511 4191
4925 4191
4524 4192
4962 4192
4334 4193
4511 4193
5130 4194
4744 4196
5188 4196
4200 4199
4202 4199
4256 4199
4256 4200
4260 4201
4257 4202
4260 4202
5057 4202
5006 4203
5273 4203
5177 4204
5178 4204
4657 4205
4209 4206
4211 4206
4210 4209
4212 4209
4212 4211
4492 4212
4666 4212
5283 4213
5284 4213
4748 4214
4824 4214
4841 4214
4700 4215
5260 4215
5261 4215
4765 4216
4719 4217
4880 4217
5235 4217
4541 4222
4801 4222
4910 4222
4338 4224
4623 4224
5180 4224
4354 4225
4808 4226
5123 4226
5124 4226
4339 4227
5102 4228
5150 4230
5151 4230
4952 4231
4578 4232
4292 4233
4932 4233
4513 4234
4844 4235
4905 4235
4907 4235
4431 4236
4978 4236
4986 4236
4644 4238
4880 4238
4881 4238
4962 4239
4708 4240
4778 4242
5241 4242
5171 4243
4474 4244
5225 4244
5298 4245
4968 4246
5082 4246
5084 4246
4745 4250
4480 4252
4603 4253
4518 4254
4642 4255
4876 4255
4945 4255
4693 4258
5139 4259
4669 4263
5085 4265
4967 4266
4968 4266
5084 4266
4314 4267
4819 4268
5091 4268
4588 4270
4783 4271
4784 4271
4789 4271
4413 4272
4680 4272
4844 4272
4897 4273
4510 4274
4276 4275
5291 4275
4664 4276
5194 4277
5222 4277
4957 4279
5028 4279
4310 4280
4496 4280
4566 4280
4616 4280
4700 4280
4407 4281
4409 4281
4626 4282
4627 4282
5234 4282
4497 4283
4930 4284
4438 4285
4553 4285
4473 4286
5054 4288
5045 4289
4680 4290
4696 4290
4525 4291
5271 4291
5276 4291
4454 4294
4614 4294
4821 4294
5027 4294
4867 4295
4390 4296
5226 4297
4562 4298
5038 4298
5147 4300
4526 4302
4989 4302
4746 4303
4960 4303
5119 4306
4702 4307
4959 4308
4939 4309
5281 4309
4496 4310
4566 4310
4615 4310
4616 4310
4700 4310
5155 4311
5008 4312
4330 4316
5008 4317
4674 4318
4534 4319
4733 4320
4968 4320
4839 4322
4433 4323
4377 4324
4526 4324
4594 4325
4726 4325
4758 4325
4894 4325
4895 4325
4929 4326
4938 4326
5198 4326
5128 4327
5129 4327
5130 4327
5142 4328
5277 4328
5278 4328
4846 4329
4505 4330
4588 4333
4906 4335
4366 4336
4866 4336
5061 4337
5147 4337
4624 4338
5188 4338
4633 4341
4634 4341
4934 4342
4681 4343
4805 4344
4964 4344
5014 4344
5016 4344
4346 4345
4925 4347
5022 4349
5023 4349
4956 4352
4779 4353
4985 4353
4500 4354
4737 4354
4918 4354
4469 4358
5142 4358
5093 4359
5217 4359
5218 4359
5050 4360
4838 4361
4733 4362
4941 4362
5080 4362
4990 4363
4718 4364
4830 4365
4866 4366
4718 4369
4802 4372
4924 4373
4925 4373
5148 4373
4375 4374
4416 4374
4906 4374
4416 4375
4912 4375
4380 4376
5125 4376
4378 4377
4526 4377
4526 4380
4528 4381
4821 4381
4958 4381
4613 4382
4833 4382
4790 4383
4690 4384
4753 4385
4999 4385
5228 4385
4874 4386
4802 4387
4617 4388
5103 4390
4393 4392
4396 4395
4803 4397
5194 4397
5215 4397
4835 4398
4836 4398
4651 4399
4708 4400
4532 4402
4817 4402
5117 4404
4564 4405
4845 4405
4633 4406
5062 4411
4795 4412
5044 4412
4844 4413
4841 4417
5000 4418
5142 4418
5262 4418
4797 4419
4817 4419
5280 4420
5055 4421
5194 4422
5195 4422
4820 4423
5079 4424
5165 4425
5267 4427
4753 4428
4999 4428
5122 4428
4529 4429
4924 4429
5150 4429
5035 4430
4975 4431
4818 4432
4920 4432
5160 4432
4711 4433
4712 4433
4945 4433
4996 4434
4494 4435
5158 4436
4914 4437
4553 4438
5241 4438
5254 4439
5257 4439
4581 4440
5024 4440
5025 4440
4690 4441
4706 4443
4978 4443
4983 4443
5201 4444
5202 4444
5296 4446
4684 4447
5223 4448
4731 4450
4921 4451
4741 4452
4528 4454
4959 4454
4724 4456
4975 4456
4977 4456
4590 4458
5105 4459
5106 4459
4474 4460
5223 4460
5108 4461
4796 4463
4955 4463
5126 4464
4707 4466
5074 4466
4509 4467
5263 4468
4982 4469
5126 4471
5080 4472
5276 4472
4886 4473
5223 4474
5224 4474
5229 4474
5181 4477
5197 4481
4997 4482
4719 4484
5222 4485
4766 4487
5214 4487
5218 4487
4898 4488
4992 4488
5284 4489
4556 4490
4862 4490
4863 4490
4864 4490
4913 4490
4970 4491
5056 4492
4738 4494
5155 4494
4566 4496
4615 4496
4616 4496
4736 4501
4760 4504
4884 4504
5035 4504
5299 4505
5192 4507
5193 4507
5217 4507
4646 4508
4850 4508
4510 4509
4671 4512
5120 4512
4760 4515
4884 4515
4903 4516
4901 4518
5217 4518
4679 4519
4797 4522
4817 4522
5205 4522
5271 4525
4824 4527
4957 4528
4958 4528
5028 4528
4924 4529
5152 4529
4817 4532
5086 4533
4956 4534
4579 4535
4685 4536
5170 4536
4791 4537
4712 4538
4942 4539
5274 4540
5159 4542
4902 4544
5169 4546
4644 4547
4767 4550
5134 4551
5236 4551
5063 4552
5175 4553
4707 4555
4901 4559
5172 4560
4764 4563
4615 4566
4616 4566
4700 4566
5068 4567
5075 4570
5111 4570
4779 4571
4973 4571
4976 4571
4626 4573
4857 4574
4649 4577
4860 4579
5024 4581
5025 4581
4798 4582
5157 4582
5093 4583
5167 4583
5182 4584
4843 4585
4736 4586
5059 4589
5060 4589
4669 4590
5113 4591
4935 4592
4936 4592
5282 4593
4758 4594
4893 4594
4894 4594
4895 4594
4964 4594
4965 4594
5231 4595
5232 4595
5221 4596
4831 4597
5054 4598
4736 4602
4669 4604
5005 4605
4608 4606
4650 4608
5189 4609
5218 4611
5219 4611
4958 4614
5023 4614
4616 4615
4700 4616
5256 4619
5179 4623
5180 4623
5180 4624
4717 4625
5176 4625
4627 4626
5018 4628
5117 4629
4829 4630
5063 4632
5064 4632
4634 4633
4635 4634
5067 4636
4661 4637
4776 4637
4918 4640
4876 4642
5232 4643
4646 4645
5112 4647
5251 4652
4917 4653
5051 4654
5140 4660
5031 4661
5072 4662
4916 4667
4942 4667
5226 4671
4934 4672
5125 4672
5064 4674
5000 4676
4772 4677
4997 4678
5136 4678
4696 4680
5170 4685
5203 4685
4950 4687
4952 4687
5017 4689
5018 4689
5257 4691
5085 4694
4785 4695
4787 4695
4906 4696
4903 4698
4985 4702
4744 4703
5181 4703
5190 4703
5191 4703
4983 4705
4802 4706
4994 4707
4995 4707
4729 4708
4730 4709
4712 4711
4716 4715
4847 4715
4847 4716
5291 4716
5176 4717
4771 4720
4879 4722
4902 4723
5037 4723
5132 4723
5267 4723
4975 4724
5065 4724
4829 4725
4758 4726
4895 4726
4966 4726
5207 4727
4732 4731
4905 4731
4909 4731
5079 4733
5141 4733
4736 4734
4858 4738
5084 4740
5276 4740
5189 4744
4960 4746
4826 4748
4839 4748
4842 4748
5149 4748
5150 4748
4887 4749
5120 4752
5126 4754
4964 4758
4965 4758
4893 4762
4894 4762
5105 4764
5040 4765
5004 4766
5178 4766
5070 4770
4873 4771
5039 4780
5171 4780
4784 4783
5274 4784
4789 4788
4900 4791
5195 4791
4869 4793
4870 4793
4898 4793
4913 4801
5015 4805
5017 4805
5057 4807
5064 4809
4967 4810
5083 4810
4871 4811
4996 4811
5111 4812
5131 4816
5194 4816
4972 4818
4988 4819
5023 4821
4830 4829
4843 4840
5152 4841
4845 4844
4849 4848
4861 4852
5213 4853
4919 4855
4974 4857
4975 4857
4860 4859
4863 4862
5149 4866
5021 4867
5014 4868
5016 4868
4872 4869
4871 4870
4898 4870
4874 4873
5071 4873
5072 4874
4881 4880
5088 4882
5091 4882
5092 4882
4894 4893
4895 4894
4966 4895
5024 4896
5289 4897
5299 4897
5176 4901
5095 4903
5096 4904
5215 4904
4906 4905
4911 4910
4943 4916
4923 4922
5182 4924
5144 4928
5112 4930
5077 4931
5111 4931
5151 4933
5083 4936
5196 4938
5176 4940
5188 4940
5270 4941
4947 4946
5153 4949
4951 4950
4952 4950
4961 4954
5057 4954
5104 4954
5239 4963
4965 4964
5013 4965
5142 4967
5270 4967
5141 4968
4983 4978
5239 4986
5091 4987
5290 4990
5291 4990
4994 4993
5145 4998
5150 4998
5122 4999
5228 4999
5261 5000
5127 5001
5003 5002
5008 5007
5200 5010
5015 5014
5018 5017
5025 5024
5027 5026
5064 5026
5261 5026
5028 5027
5108 5029
5173 5033
5236 5035
5132 5037
5081 5040
5083 5040
5269 5040
5270 5040
5273 5040
5193 5042
5102 5044
5196 5045
5048 5047
5257 5051
5075 5074
5080 5079
5276 5084
5087 5086
5092 5087
5094 5093
5219 5095
5101 5100
5117 5116
5118 5117
5281 5126
5128 5127
5133 5132
5134 5133
5139 5138
5140 5139
5145 5144
5196 5144
5247 5157
5174 5159
5173 5172
5177 5176
5196 5185
5265 5186
5189 5188
5190 5189
5193 5192
5195 5192
5195 5194
5237 5197
5199 5198
5298 5199
5206 5205
5210 5209
5267 5213
5215 5214
5219 5218
5220 5219
5221 5220
5224 5223
5226 5225
5254 5235
5249 5248
5250 5249
5261 5260
5262 5261
5263 5262
5273 5272
5278 5277
5282 5281
5288 5287
