# Input: C:/Users/Yanyan/Documents/Visual Studio 2013/Projects/StressTransGraphVis/data/bcspwr10/bcspwr10.txt
# Nodes: 5300    Edges: 8271
# Algoritm: Clauset-Newman-Moore
# Modularity: 0.921425
# Communities: 8
# NId	CommunityId
1244	0
0	0
2318	0
2093	0
35	0
2526	0
174	0
392	0
383	0
3168	0
2753	0
3826	0
393	0
4763	0
3086	0
472	0
3948	0
4457	0
550	0
4519	0
4515	0
551	0
5236	0
1756	0
571	0
1757	0
828	0
592	0
3500	0
3475	0
601	0
5037	0
665	0
614	0
2598	0
615	0
3520	0
2379	0
616	0
3883	0
644	0
617	0
806	0
631	0
2684	0
2610	0
636	0
725	0
642	0
2414	0
3821	0
643	0
4885	0
650	0
2766	0
647	0
4760	0
2816	0
649	0
3263	0
3705	0
4572	0
669	0
4886	0
3671	0
700	0
5238	0
3719	0
718	0
4545	0
2404	0
720	0
4669	0
733	0
2179	0
746	0
2303	0
3887	0
754	0
4902	0
784	0
775	0
1039	0
2314	0
782	0
2799	0
790	0
786	0
4389	0
4749	0
795	0
5134	0
797	0
798	0
4544	0
826	0
4997	0
4551	0
4604	0
891	0
916	0
910	0
943	0
914	0
958	0
918	0
915	0
4458	0
2508	0
926	0
4227	0
4263	0
937	0
4670	0
3978	0
945	0
4482	0
946	0
965	0
4339	0
3444	0
966	0
969	0
971	0
4543	0
2223	0
983	0
986	0
996	0
5267	0
4185	0
998	0
1007	0
1032	0
3668	0
3091	0
1033	0
1062	0
4981	0
3029	0
1088	0
1127	0
5137	0
2581	0
1140	0
4679	0
2626	0
1147	0
4011	0
4137	0
1169	0
1192	0
4678	0
4713	0
1193	0
2884	0
1201	0
2624	0
1222	0
4180	0
4723	0
2887	0
1368	0
5036	0
1458	0
1456	0
3493	0
1478	0
1522	0
1582	0
5035	0
2957	0
1585	0
5265	0
1677	0
1746	0
1711	0
1802	0
2298	0
4072	0
2356	0
4887	0
5135	0
3522	0
3931	0
5132	0
2734	0
4165	0
5136	0
2749	0
3661	0
4883	0
2797	0
3609	0
2907	0
3842	0
2908	0
3843	0
3378	0
3853	0
3739	0
2982	0
3844	0
3041	0
3103	0
3783	0
3109	0
3929	0
3329	0
4430	0
4884	0
3345	0
4286	0
3402	0
4504	0
3453	0
3420	0
3481	0
3675	0
3424	0
3435	0
5133	0
5186	0
3456	0
3602	0
4590	0
3490	0
3652	0
4473	0
3992	0
4938	0
2590	0
112	0
263	0
181	0
1832	0
2184	0
298	0
728	0
313	0
2207	0
2997	0
486	0
476	0
2662	0
2187	0
485	0
5237	0
738	0
5197	0
2210	0
757	0
5293	0
2086	0
850	0
4172	0
1187	0
2807	0
1243	0
5116	0
3611	0
1255	0
4856	0
3664	0
1299	0
4404	0
4481	0
1337	0
5198	0
1553	0
1356	0
2244	0
1361	0
4245	0
3186	0
1423	0
1579	0
1438	0
1476	0
4010	0
1533	0
3722	0
1550	0
5298	0
4093	0
1760	0
1571	0
2473	0
1575	0
5115	0
2250	0
1576	0
5118	0
3036	0
1581	0
4629	0
1619	0
2980	0
1621	0
5199	0
1622	0
1666	0
1644	0
3830	0
1659	0
4549	0
1678	0
5119	0
1721	0
1715	0
5117	0
3110	0
1728	0
2934	0
1731	0
4306	0
3159	0
1739	0
1747	0
1768	0
1777	0
3169	0
1778	0
2561	0
1789	0
1797	0
4223	0
1816	0
1801	0
1815	0
1843	0
1849	0
1864	0
5292	0
1876	0
1882	0
2270	0
1895	0
3688	0
1901	0
1896	0
3180	0
1899	0
1926	0
1943	0
1955	0
1962	0
1964	0
3037	0
1981	0
2010	0
4929	0
2070	0
4326	0
2433	0
2558	0
4568	0
3184	0
2591	0
3173	0
2761	0
3566	0
3035	5
1	5
2852	5
32	5
2094	5
36	5
3100	5
94	5
2128	5
102	5
2533	5
103	5
3385	5
131	5
2134	5
137	5
258	5
138	5
4416	5
141	5
3472	5
156	5
4905	5
161	5
3655	5
162	5
3373	5
206	5
207	5
3489	5
3365	5
336	5
4272	5
3307	5
338	5
2582	5
339	5
4909	5
3792	5
340	5
4863	5
3339	5
354	5
4862	5
3451	5
363	5
3295	5
374	5
373	5
3907	5
4121	5
376	5
4374	5
4134	5
382	5
2937	5
384	5
387	5
4680	5
388	5
4135	5
421	5
403	5
4008	5
3954	5
404	5
4801	5
416	5
4906	5
3824	5
423	5
4335	5
426	5
424	5
4497	5
471	5
425	5
3746	5
428	5
487	5
427	5
4696	5
2794	5
430	5
4082	5
433	5
4912	5
3392	5
455	5
4915	5
2704	5
457	5
4732	5
2073	5
459	5
462	5
4269	5
4908	5
509	5
473	5
3553	5
2196	5
477	5
3034	5
3370	5
480	5
4405	5
484	5
3501	5
494	5
3523	5
3483	5
497	5
3502	5
535	5
498	5
3422	5
3308	5
508	5
3517	5
4355	5
2693	5
2686	5
2408	5
2687	5
3363	5
4020	5
2443	5
4541	5
2456	5
3699	5
2493	5
4913	5
4910	5
3158	5
2571	5
4844	5
4845	5
4450	5
3182	5
2613	5
2669	5
4907	5
3680	5
2744	5
4136	5
2782	5
4911	5
4283	5
2826	5
4564	5
2853	5
3495	5
2872	5
4864	5
2910	5
3735	5
2930	5
3899	5
3033	5
3032	5
3039	5
3426	5
3782	5
4222	5
4556	5
4290	5
3431	5
4731	5
3737	5
3494	5
3564	5
3585	5
3584	5
4490	5
3640	5
3639	5
3641	5
4235	5
3743	5
4413	5
3987	5
3946	5
3950	5
4375	5
2084	1
2	1
3190	1
43	1
1107	1
225	1
4599	1
232	1
1658	1
234	1
3959	1
281	1
4651	1
299	1
4853	1
310	1
311	1
5266	1
2182	1
314	1
323	1
2131	1
346	1
356	1
4221	1
359	1
362	1
365	1
2700	1
377	1
5280	1
2507	1
420	1
3376	1
444	1
5034	1
456	1
458	1
5277	1
562	1
559	1
3224	1
747	1
741	1
2422	1
3898	1
771	1
766	1
1143	1
1128	1
2651	1
3935	1
1403	1
1385	1
4342	1
2796	1
1393	1
5281	1
1682	1
1444	1
4328	1
3512	1
1466	1
5279	1
1470	1
1468	1
2909	1
2881	1
1485	1
4934	1
1499	1
2984	1
2738	1
1504	1
3567	1
1515	1
3766	1
1528	1
4464	1
4672	1
1583	1
4939	1
2209	1
1674	1
3662	1
1675	1
5283	1
4213	1
1680	1
5285	1
3955	1
1687	1
4593	1
1811	1
4399	1
2057	1
2045	1
5124	1
3288	1
2061	1
3511	1
3460	1
2181	1
5098	1
2461	1
3572	1
3491	1
2602	1
3618	1
3642	1
2682	1
2609	1
3388	1
3808	1
2621	1
3770	1
2635	1
4427	1
4777	1
3557	1
2642	1
2765	1
4489	1
3906	1
2772	1
4804	1
2860	1
2838	1
2839	1
4309	1
2845	1
5282	1
3624	1
2972	1
3246	1
3408	1
3419	1
3515	1
3298	1
3479	1
3310	1
3510	1
3327	1
3349	1
5278	1
5284	1
237	6
3	6
239	6
15	6
3870	6
27	6
247	6
75	6
249	6
83	6
253	6
111	6
257	6
128	6
2259	6
164	6
2144	6
170	6
2149	6
185	6
272	6
196	6
3189	6
204	6
2156	6
208	6
2158	6
210	6
3003	6
2012	6
2176	6
2368	6
717	6
2471	6
454	6
4961	6
5104	6
3845	6
4210	6
719	6
5056	6
2993	6
1025	6
4095	6
2578	6
1102	6
4105	6
1117	6
1109	6
1118	6
1116	6
3762	6
4393	6
1149	6
4395	6
1157	6
4396	6
3145	6
1159	6
2236	6
1194	6
2770	6
4287	6
1206	6
4449	6
3815	6
1209	6
4207	6
2680	6
1211	6
3044	6
2696	6
1226	6
3209	6
2452	6
1230	6
3892	6
2708	6
1234	6
2627	6
1239	6
3551	6
4289	6
1245	6
4795	6
2660	6
1284	6
2661	6
1303	6
1289	6
2631	6
1302	6
2769	6
2237	6
1311	6
2307	6
1323	6
1313	6
1316	6
4208	6
1317	6
4492	6
1319	6
1320	6
1327	6
4212	6
1342	6
1344	6
4206	6
1354	6
4960	6
4608	6
3042	6
1601	6
4687	6
3284	6
1603	6
4962	6
2232	6
1604	6
2728	6
1650	6
1608	6
4199	6
3283	6
1611	6
4523	6
2338	6
1618	6
4001	6
2431	6
1628	6
3967	6
1645	6
4524	6
2977	6
2389	6
1681	6
3398	6
3728	6
1714	6
4256	6
2646	6
1742	6
2256	6
1761	6
4666	6
1766	6
1773	6
4828	6
4076	6
1781	6
1782	6
1788	6
1824	6
1793	6
1795	6
4665	6
1910	6
1798	6
2262	6
1817	6
3148	6
1826	6
3548	6
1850	6
1834	6
4878	6
3118	6
1837	6
4951	6
1845	6
3773	6
3171	6
1878	6
3647	6
2369	6
1924	6
4239	6
4368	6
1952	6
2008	6
1954	6
4659	6
3629	6
1956	6
4303	6
2268	6
1957	6
2543	6
1979	6
4950	6
2282	6
1986	6
4367	6
3813	6
4953	6
5057	6
4260	6
4827	6
2365	6
3910	6
2357	6
5201	6
3716	6
4565	6
3605	6
2378	6
5043	6
2865	6
4128	6
4231	6
4392	6
4394	6
2619	6
4211	6
4412	6
2639	6
3468	6
3930	6
3847	6
2698	6
3439	6
4097	6
2717	6
4954	6
3753	6
2811	6
3047	6
3049	6
3410	6
3865	6
2921	6
4499	6
3835	6
2929	6
2938	6
2973	6
4201	6
4202	6
2981	6
3022	6
3841	6
3343	6
3643	6
4116	6
3043	6
3048	6
3837	6
3059	6
3160	6
4018	6
4096	6
4101	6
3296	6
3194	6
3886	6
3195	6
3204	6
3980	6
3229	6
3231	6
4746	6
3232	6
3262	6
3369	6
3945	6
4192	6
3425	6
3440	6
4257	6
3593	6
3450	6
4952	6
4200	6
3485	6
3582	6
3505	6
4209	6
3700	6
3761	6
3763	6
3764	6
3801	6
2503	4
4	4
4078	4
5	4
4080	4
7	4
4166	4
11	4
2125	4
13	4
2103	4
52	4
3183	4
57	4
5190	4
58	4
2110	4
62	4
2111	4
63	4
2112	4
64	4
4791	4
72	4
5195	4
74	4
2118	4
78	4
2124	4
95	4
2129	4
106	4
4023	4
118	4
4790	4
119	4
4153	4
122	4
2138	4
151	4
3142	4
160	4
3631	4
178	4
2148	4
184	4
4900	4
186	4
2317	4
187	4
3747	4
188	4
5177	4
216	4
3393	4
217	4
2161	4
220	4
4277	4
228	4
2167	4
230	4
3101	4
515	4
4605	4
2855	4
774	4
5003	4
2363	4
788	4
3610	4
793	4
3525	4
2432	4
934	4
2528	4
953	4
3798	4
5166	4
957	4
5167	4
3756	4
967	4
4698	4
988	4
3818	4
997	4
4596	4
2565	4
999	4
3116	4
1010	4
5221	4
2569	4
1015	4
4055	4
1019	4
3760	4
3163	4
1022	4
1026	4
5219	4
4140	4
1030	4
5218	4
1066	4
1041	4
2430	4
3849	4
1042	4
5095	4
1048	4
5094	4
3615	4
1052	4
4359	4
2017	4
1057	4
3908	4
5096	4
5214	4
1068	4
5215	4
2731	4
1087	4
2979	4
1095	4
5216	4
1100	4
5217	4
3656	4
1101	4
3093	4
1103	4
5222	4
1113	4
1105	4
4797	4
4522	4
1125	4
2600	4
1126	4
1131	4
4016	4
1133	4
4139	4
5206	4
1138	4
4817	4
1139	4
1141	4
5093	4
1152	4
4402	4
1162	4
1170	4
5220	4
4350	4
1172	4
2575	4
1174	4
1176	4
1178	4
2455	4
1183	4
4126	4
4049	4
1195	4
4364	4
2332	4
1197	4
1233	4
1219	4
3498	4
4254	4
3796	4
1241	4
5131	4
1318	4
1249	4
1412	4
1500	4
1250	4
5181	4
3355	4
1253	4
1256	4
2114	4
1257	4
4773	4
3374	4
1290	4
4703	4
1298	4
1296	4
4220	4
1300	4
5191	4
1301	4
1307	4
1341	4
1312	4
2172	4
2917	4
1348	4
4537	4
5002	4
4518	4
1367	4
4755	4
3395	4
1372	4
4901	4
2805	4
1373	4
4507	4
4422	4
1375	4
5193	4
2294	4
1382	4
2302	4
5180	4
3733	4
1427	4
3858	4
1429	4
4609	4
1448	4
2411	4
1455	4
3577	4
1461	4
4940	4
1472	4
1475	4
5042	4
4196	4
1743	4
4904	4
5188	4
4369	4
2681	4
3506	4
4149	4
3463	4
4120	4
3968	4
4532	4
2475	4
2300	4
2178	4
5168	4
2229	4
4516	4
3718	4
3943	4
4546	4
2344	4
4744	4
5192	4
2345	4
4485	4
3527	4
4188	4
2703	4
3787	4
4623	4
3829	4
4111	4
2496	4
5189	4
5230	4
4224	4
2497	4
4625	4
5179	4
5205	4
2586	4
2611	4
2605	4
4673	4
4477	4
2636	4
2667	4
4173	4
2714	4
4937	4
2978	4
2732	4
4559	4
2737	4
4892	4
3670	4
2751	4
4204	4
5005	4
2784	4
4383	4
4803	4
5194	4
4338	4
2834	4
2861	4
3999	4
2894	4
4397	4
2895	4
4611	4
2905	4
4766	4
2913	4
4717	4
2923	4
3065	4
2936	4
2951	4
2958	4
4624	4
2965	4
3497	4
3579	4
3000	4
3006	4
3010	4
3018	4
3014	4
3850	4
3132	4
3038	4
5176	4
3077	4
5004	4
3104	4
3389	4
3140	4
3120	4
3318	4
3137	4
4899	4
3176	4
5178	4
4816	4
3533	4
3221	4
3555	4
4034	4
4419	4
3269	4
3957	4
3881	4
3313	4
3360	4
3359	4
3387	4
3516	4
3514	4
3399	4
3496	4
3521	4
4154	4
3710	4
4718	4
3725	4
3734	4
3803	4
4487	4
4583	4
4903	4
2085	4
6	4
241	4
24	4
2351	4
87	4
2123	4
93	4
1276	4
110	4
254	4
117	4
3302	4
134	4
4292	4
135	4
3621	4
149	4
2177	4
189	4
265	4
193	4
2160	4
218	4
1130	4
4233	4
1546	4
792	4
5297	4
796	4
5296	4
1633	4
800	4
1248	4
801	4
805	4
802	4
2175	4
837	4
823	4
855	4
2155	4
2299	4
1124	4
4639	4
3236	4
1270	4
1240	4
1260	4
4446	4
3364	4
4531	4
1263	4
2115	4
1267	4
2440	4
1269	4
1271	4
1282	4
1275	4
1279	4
1280	4
1287	4
1281	4
1338	4
1285	4
2506	4
2150	4
1407	4
1411	4
5295	4
1626	4
1589	4
1750	4
1774	4
1593	4
4932	4
4621	4
1594	4
1596	4
3212	4
1599	4
3917	4
1698	4
1600	4
2352	4
1605	4
4252	4
1614	4
4638	4
3228	4
1620	4
3286	4
1623	4
1631	4
1624	4
2353	4
3504	4
1627	4
2252	4
1634	4
2468	4
1636	4
1638	4
4022	4
3838	4
1642	4
1767	4
1808	4
2518	4
4610	4
3449	4
2361	4
3804	4
2185	0
8	0
2089	0
17	0
240	0
22	0
3193	0
25	0
488	0
37	0
2096	0
40	0
3974	0
49	0
2018	0
65	0
2119	0
81	0
250	0
84	0
5288	0
99	0
2126	0
100	0
4273	0
104	0
3469	0
115	0
4751	0
121	0
255	0
125	0
5232	0
139	0
5231	0
146	0
2191	0
148	0
1544	0
163	0
572	0
165	0
2145	0
171	0
437	0
175	0
2147	0
179	0
3151	0
180	0
5259	0
195	0
5121	0
201	0
268	0
219	0
4999	0
226	0
2165	0
227	0
4891	0
2173	0
2297	0
763	0
300	0
4478	0
301	0
5011	0
759	0
309	0
4512	0
315	0
2023	0
317	0
3569	0
322	0
5286	0
3797	0
333	0
4297	0
5224	0
341	0
5225	0
3879	0
357	0
5204	0
1114	0
358	0
5227	0
2388	0
360	0
4304	0
361	0
5223	0
368	0
364	0
367	0
2230	0
721	0
400	0
375	0
2878	0
3025	0
381	0
4460	0
2189	0
385	0
2483	0
3404	0
386	0
389	0
390	0
391	0
2137	0
394	0
4897	0
397	0
5122	0
407	0
398	0
3268	0
399	0
5299	0
514	0
406	0
3626	0
2142	0
410	0
4806	0
417	0
411	0
414	0
2199	0
434	0
4448	0
3658	0
2190	0
440	0
1531	0
442	0
3636	0
443	0
3960	0
461	0
4474	0
2194	0
464	0
3645	0
465	0
5012	0
4079	0
466	0
468	0
469	0
2195	0
475	0
1473	0
4244	0
489	0
3625	0
492	0
493	0
5294	0
495	0
3452	0
499	0
3852	0
504	0
4823	0
2405	0
505	0
3462	0
520	0
5120	0
4030	0
555	0
570	0
829	0
591	0
3913	0
2330	0
608	0
3598	0
609	0
612	0
4643	0
620	0
622	0
4385	0
630	0
626	0
633	0
5226	0
2840	0
634	0
637	0
4058	0
645	0
5228	0
1632	0
654	0
666	0
704	0
722	0
724	0
734	0
737	0
748	0
2825	0
756	0
762	0
761	0
5233	0
764	0
3352	0
772	0
799	0
789	0
3165	0
791	0
5229	0
3544	0
813	0
4098	0
819	0
3445	0
830	0
5258	0
2371	0
833	0
840	0
2932	0
864	0
5287	0
4168	0
865	0
2412	0
879	0
3292	0
881	0
885	0
3949	0
899	0
948	0
902	0
2584	0
3682	0
1273	0
4428	0
4194	0
1292	0
4742	0
3400	0
1293	0
5251	0
1305	0
1352	0
1440	0
4652	0
1465	0
1447	0
5129	0
2858	0
4184	0
1538	0
2348	0
1545	0
2785	0
1556	0
2249	0
1625	0
2309	0
4071	0
1639	0
1668	0
1685	0
5128	0
1694	0
1688	0
1690	0
5252	0
3672	0
1692	0
3331	0
1693	0
5130	0
1696	0
4282	0
5234	0
3823	0
1830	0
4808	0
3807	0
1886	0
2969	0
1892	0
4486	0
1923	0
4226	0
3206	0
2060	0
2576	0
2301	0
2208	0
2786	0
3862	0
3781	0
2768	0
4671	0
3149	0
3628	0
2824	0
2835	0
2843	0
4681	0
2925	0
2956	0
4327	0
3002	0
5001	0
5127	0
3893	0
3004	0
3017	0
3112	0
3379	0
3711	0
4752	0
3457	0
4595	0
4753	0
4026	0
935	2
9	2
4741	2
26	2
245	2
44	2
858	2
97	2
2133	2
136	2
143	2
152	2
851	2
153	2
5082	2
177	2
266	2
197	2
1165	2
199	2
205	2
271	2
1346	2
343	2
284	2
275	2
5141	2
5079	2
277	2
1958	2
4246	2
285	2
2916	2
297	2
4676	2
4810	2
318	2
4941	2
5212	2
606	2
324	2
3900	2
3234	2
325	2
4740	2
2536	2
328	2
4453	2
332	2
355	2
337	2
3084	2
344	2
3867	2
2620	2
351	2
4834	2
2963	2
353	2
4186	2
2539	2
4923	2
5097	2
366	2
3814	2
395	2
3340	2
396	2
2395	2
401	1
408	2
2139	2
413	2
4525	2
415	2
2521	2
4922	2
2567	2
422	2
4291	2
450	2
467	2
5246	2
479	2
500	2
490	2
5263	2
4358	2
516	2
4684	2
2472	2
552	2
4468	2
5270	2
2757	2
635	2
3266	2
707	2
4447	2
4107	2
731	2
752	2
856	2
1961	2
3273	2
871	2
3697	2
3174	2
1069	2
4660	2
3250	2
1099	2
2188	2
1110	2
4332	2
1132	2
1142	2
4822	2
2234	2
1204	2
1379	2
1329	2
4750	2
1360	2
3411	2
1510	2
2036	2
1655	2
4469	2
1665	2
1656	2
5140	2
3297	2
1670	2
4982	2
1736	2
2001	2
2281	2
2002	2
3134	2
2004	2
2005	2
5269	2
2013	2
5139	2
3751	2
2033	2
5271	2
3627	2
2079	2
4424	2
2080	2
4472	2
2083	2
4765	2
5276	2
2572	2
2238	2
2264	2
3677	2
5138	2
3869	2
5245	2
4759	2
3789	2
3741	2
2545	2
2608	2
2588	2
2725	2
2781	2
4150	2
4171	2
4216	2
5040	2
3529	2
3240	2
4967	2
3528	2
3244	2
5083	2
4259	2
3245	2
3657	2
3251	2
3254	2
3256	2
4362	2
3603	2
3274	2
3275	2
3738	2
3277	2
4452	2
4056	2
3322	2
3323	2
4320	2
3328	2
3384	2
3396	2
5081	2
4266	2
3542	2
4733	2
4968	2
5084	2
5080	2
4041	2
2087	6
10	6
1060	6
19	6
2116	6
50	6
2560	6
77	6
4074	6
79	6
248	6
80	6
3156	6
86	6
2088	6
96	6
233	6
3175	6
235	6
273	6
4675	6
402	6
369	6
2313	6
702	6
696	6
2427	6
699	6
3851	6
2205	6
701	6
2304	6
709	6
2741	6
705	6
2942	6
706	6
2943	6
712	6
708	6
2169	6
4065	6
710	6
755	6
711	6
2316	6
714	6
4462	6
716	6
4356	6
2290	6
726	6
729	6
1424	6
730	6
742	6
735	6
2944	6
736	6
2945	6
787	6
1564	6
744	6
2211	6
770	6
2821	6
2384	6
773	6
776	6
777	6
4009	6
1067	6
778	6
3832	6
1343	6
781	6
2867	6
3889	6
785	6
4075	6
2935	6
2819	6
2820	6
3880	6
2385	6
2387	6
2437	6
2441	6
4066	6
2941	6
3888	6
1097	6
12	6
23	6
3293	6
107	6
2685	6
108	6
267	6
215	6
2157	6
221	6
1077	6
1005	6
1000	6
4051	6
1002	6
4031	6
2573	6
1011	6
3856	6
1013	6
3855	6
3854	6
1017	6
1029	6
1023	6
1094	6
3703	6
1040	6
1043	6
1055	6
1061	6
2663	6
1072	6
1083	6
4047	6
1092	6
1167	6
1179	6
3237	6
5202	6
3135	6
3144	6
3177	6
3200	6
238	6
14	6
242	6
28	6
244	6
34	6
1079	6
48	6
2293	6
73	6
972	6
116	6
256	6
127	6
2780	6
133	6
1082	6
154	6
261	6
167	6
2143	6
169	6
264	6
183	6
1432	6
191	6
3986	6
200	6
270	6
4331	6
1689	6
1492	6
4177	6
951	6
947	6
949	6
955	6
991	6
959	6
2109	6
963	6
1031	6
3777	6
980	6
3983	6
3078	6
987	6
3222	6
2760	6
989	6
2970	6
993	6
995	6
3975	6
3434	6
2082	6
1208	6
3397	6
3358	6
1264	6
3509	6
1339	6
2742	6
1347	6
4032	6
2355	6
1349	6
1855	6
1359	6
3172	6
1436	6
1362	6
2779	6
3769	6
1366	6
4403	6
1369	6
4152	6
2690	6
1370	6
1371	6
3442	6
1381	6
3944	6
1390	6
1387	6
2773	6
4606	6
1391	6
4649	6
1437	6
1394	6
1401	6
1395	6
1398	6
4502	6
1399	6
1408	6
1405	6
1409	6
2866	6
1417	6
4601	6
2994	6
1425	6
1426	6
1433	6
2564	6
1439	6
4600	6
1518	6
1441	6
2401	6
3706	6
1443	6
1445	6
4237	6
1451	6
3279	6
1453	6
2246	6
1454	6
1577	6
1457	6
4648	6
1463	6
3709	6
1484	6
1765	6
1488	6
1491	6
2170	6
1498	6
3958	6
4019	6
1502	6
4050	6
1503	6
4151	6
3448	6
1509	6
4029	6
1563	6
1512	6
2296	6
1529	6
1523	6
2463	6
1524	6
4607	6
2141	6
1525	6
4577	6
1536	6
1548	6
1540	6
1543	6
1549	6
1552	6
4046	6
1567	6
1555	6
1592	6
1560	6
1602	6
1562	6
4650	6
1574	6
1570	6
1578	6
3973	6
1587	6
4348	6
1591	6
1597	6
1598	6
1684	6
2763	6
2315	6
3702	6
2470	6
3984	6
3985	6
3320	6
3863	6
2312	2
16	2
2121	2
88	2
3199	2
114	2
2442	2
168	2
2076	2
213	2
231	2
3742	2
975	2
2740	2
1844	2
2989	2
2592	2
1846	2
2265	2
1847	2
4550	2
1853	2
1848	2
1851	2
4782	2
2266	2
1852	2
4695	2
1854	2
2596	2
1890	2
1857	2
4787	2
3570	2
1858	2
1859	2
4788	2
3051	2
1861	2
1862	2
1869	2
1865	2
4219	2
1866	2
4781	2
1874	2
1868	2
3492	2
1877	2
1870	2
1940	2
1872	2
4561	2
2275	2
4103	2
1883	2
1884	2
4786	2
2278	2
1887	2
3113	2
1891	2
1893	2
2279	2
1897	2
2271	2
1900	2
2735	2
1903	2
4730	2
4400	2
1904	2
3188	2
1907	2
4688	2
3243	2
1908	2
2961	2
1912	2
2274	2
1913	2
3208	2
1914	2
4729	2
1927	2
4167	2
1929	2
4073	2
1930	2
3011	2
1934	2
4240	2
1935	2
4768	2
1948	2
1941	2
4785	2
3217	2
1942	2
1945	2
1946	2
2260	2
1947	2
3079	2
1949	2
2362	2
1953	2
4709	2
1968	2
1959	2
1965	2
1966	2
2311	2
4769	2
1969	2
2836	2
3793	2
1978	2
1980	2
2283	2
1982	2
2003	2
1984	2
1997	2
1988	2
1990	2
4767	2
2280	2
1992	2
1995	2
2288	2
1996	2
5272	2
2000	2
3309	2
2009	2
5273	2
4728	2
2058	2
2039	2
3922	2
3698	2
2044	2
2046	2
2050	2
2159	2
2051	2
5006	2
2052	2
3428	2
2053	2
2056	2
2658	2
2063	2
5275	2
2287	2
2074	2
4592	2
2479	2
2487	2
2284	2
3650	2
4465	2
4784	2
4203	2
2481	2
2868	2
2517	2
3752	2
4063	2
4935	2
5274	2
4059	2
3248	2
3161	2
4789	2
3541	2
3181	2
3726	2
3197	2
3196	2
3198	2
3539	2
3203	2
4708	2
3534	2
3220	2
4783	2
3371	2
3223	2
3230	2
3531	2
3239	2
3925	2
4176	2
4540	2
3241	2
4936	2
3247	2
4037	2
3666	2
3252	2
4036	2
3261	2
3265	2
3291	2
4271	2
2166	5
18	5
2127	5
101	5
3612	5
130	5
229	5
3421	5
286	5
5055	5
2809	5
303	5
3673	5
307	5
4946	5
308	5
4947	5
321	5
316	5
5059	5
5058	5
2342	5
329	5
4914	5
652	5
507	5
680	5
2692	5
510	5
3326	5
3382	5
518	5
3507	5
532	5
527	5
5052	5
529	5
4875	5
2817	5
530	5
4288	5
564	5
531	5
563	5
534	5
3989	5
1295	5
537	5
2962	5
541	5
5054	5
558	5
544	5
4028	5
3437	5
546	5
4757	5
3927	5
549	5
581	5
554	5
1210	5
4384	5
569	5
560	5
3341	5
2745	5
565	5
640	5
568	5
4603	5
4598	5
2186	5
574	5
2320	5
575	5
4081	5
576	5
4814	5
2594	5
578	5
4441	5
2322	5
584	5
3391	5
588	5
586	5
4876	5
605	5
589	5
2335	5
2789	5
593	5
2790	5
2327	5
595	5
2776	5
3166	5
596	5
3167	5
2328	5
597	5
4917	5
3446	5
598	5
4943	5
4077	5
602	5
603	5
604	5
2201	5
607	5
3809	5
2377	5
610	5
4437	5
3459	5
611	5
613	5
3335	5
618	5
2319	5
619	5
3859	5
624	5
4807	5
641	5
627	5
3001	5
629	5
4539	5
632	5
4942	5
4062	5
639	5
2347	5
4323	5
2197	5
651	5
2491	5
4642	5
2374	5
660	5
4253	5
2846	5
661	5
4255	5
667	5
670	5
672	5
2729	5
676	5
679	5
4038	5
681	5
4333	5
683	5
3745	5
684	5
4945	5
687	5
685	5
4100	5
689	5
686	5
727	5
2413	5
691	5
688	5
695	5
693	5
690	5
697	5
694	5
692	5
2381	5
703	5
3864	5
758	5
732	5
2394	5
3678	5
749	5
4944	5
4267	5
753	5
4813	5
3953	5
768	5
4949	5
5060	5
2130	5
1212	5
2788	5
4877	5
3622	5
1265	5
3271	5
1999	5
4124	5
2014	5
2286	5
2016	5
2676	5
4411	5
2027	5
2336	5
2029	5
2410	5
2031	5
2035	5
2040	5
4663	5
3480	5
2048	5
3633	5
2064	5
5062	5
3294	5
4653	5
4690	5
4247	5
3759	5
2331	5
2333	5
4321	5
4270	5
3616	5
2349	5
4538	5
2364	5
4588	5
3891	5
2372	5
4916	5
3786	5
2542	5
2416	5
4314	5
2420	5
4667	5
4948	5
3723	5
2556	5
4712	5
4711	5
2622	5
2912	5
4091	5
2628	5
3518	5
2652	5
3903	5
4162	5
2774	5
4421	5
3192	5
2778	5
3332	5
2827	5
4092	5
2854	5
2885	5
5053	5
3105	5
3178	5
3285	5
3319	5
4138	5
3372	5
4589	5
4433	5
2241	5
20	5
246	5
45	5
251	5
91	5
2132	5
124	5
4129	5
2202	5
2701	5
274	5
3560	5
2706	5
276	5
2707	5
3281	5
280	5
3969	5
282	5
3972	5
2152	5
283	5
2213	5
573	5
621	5
2465	5
625	5
2206	5
2217	5
896	5
3971	5
924	5
3928	5
1333	5
1331	5
1462	5
3831	5
2366	5
3970	5
3097	5
2424	5
2713	5
3099	5
5143	5
21	5
2098	5
42	5
2393	5
66	5
2551	5
89	5
2200	5
113	5
3721	5
172	5
214	5
330	5
288	5
2898	5
3604	5
290	5
4585	5
305	5
2225	5
460	5
449	5
2721	5
577	5
2748	5
478	5
2828	5
3062	5
496	5
3085	5
533	5
4476	5
3418	5
539	5
3486	5
2407	5
542	5
5100	5
3069	5
543	5
3871	5
557	5
3884	5
2842	5
659	5
657	5
941	5
5183	5
2054	5
662	5
2203	5
5187	5
4175	5
5101	5
783	5
780	5
2220	5
922	5
938	5
5184	5
3467	5
944	5
4429	5
5185	5
2457	5
964	5
977	5
1027	5
978	5
4928	5
3357	5
981	5
5148	5
2554	5
1003	5
4933	5
1008	5
5182	5
4144	5
1016	5
4336	5
1036	5
2226	5
1037	5
4218	5
2903	5
1046	5
2919	5
1049	5
1053	5
3693	5
2612	5
1056	5
5152	5
1058	5
4086	5
1065	5
1119	5
4156	5
1150	5
4924	5
1155	5
1151	5
4736	5
1161	5
5145	5
3076	5
4843	5
3348	5
1171	5
4584	5
1177	5
1181	5
2522	5
1198	5
3802	5
1200	5
1232	5
3102	5
1238	5
4373	5
1321	5
1397	5
4578	5
1501	5
5144	5
2409	5
1505	5
3963	5
1519	5
3964	5
1537	5
4445	5
1542	5
3779	5
1568	5
3153	5
1610	5
1640	5
1615	5
3073	5
1616	5
1654	5
1629	5
3635	5
1697	5
1643	5
2818	5
1657	5
2426	5
1699	5
3784	5
1748	5
1763	5
1915	5
4191	5
2071	5
4840	5
3771	5
4366	5
4866	5
4293	5
2350	5
4697	5
4734	5
5196	5
2358	5
2367	5
4586	5
4417	5
2373	5
2383	5
4735	5
4826	5
3998	5
4090	5
2429	5
5045	5
2439	5
2453	5
2477	5
4998	5
5150	5
3820	5
2486	5
4837	5
4838	5
4155	5
2494	5
4361	5
4527	5
3559	5
2509	5
4232	5
3613	5
3213	5
4530	5
4258	5
2629	5
3724	5
2633	5
2634	5
4824	5
4825	5
4925	5
2733	5
5149	5
4501	5
2736	5
4842	5
3637	5
4322	5
4602	5
2808	5
4839	5
5153	5
4145	5
2844	5
4710	5
2850	5
2971	5
4693	5
3583	5
3571	5
3128	5
3961	5
3139	5
3962	5
3201	5
3257	5
3315	5
4214	5
3383	5
3811	5
3458	5
4748	5
4529	5
3581	5
3758	5
4841	5
3861	5
3919	5
4027	5
5041	1
29	1
2108	1
60	1
3695	1
105	1
3366	1
109	1
4554	1
129	1
4792	1
147	1
4475	1
155	1
4017	1
159	1
2146	1
173	1
5249	1
198	1
202	1
223	1
2164	1
342	1
2390	1
347	1
345	1
4701	1
379	1
349	1
4420	1
350	1
4682	1
3690	1
370	1
380	1
371	1
372	1
4926	1
5099	1
3377	1
405	1
2548	1
409	1
4182	1
412	1
435	1
431	1
4927	1
824	1
432	1
436	1
438	1
2705	1
439	1
4612	1
441	1
2192	1
446	1
4483	1
452	1
474	1
470	1
491	1
5211	1
4463	1
501	1
4956	1
2837	1
503	1
5248	1
2204	1
512	1
2400	1
519	1
513	1
3937	1
522	1
517	1
5210	1
4727	1
524	1
521	1
4084	1
525	1
528	1
523	1
4778	1
3321	1
3482	1
526	1
566	1
567	1
538	1
5250	1
3088	1
540	1
3860	1
4351	1
545	1
3836	1
547	1
2864	1
548	1
4242	1
556	1
561	1
3715	1
2321	1
580	1
3333	1
587	1
583	1
2360	1
2174	1
2341	1
600	1
3630	1
3674	1
623	1
628	1
4352	1
677	1
648	1
1353	1
653	1
5207	1
3840	1
655	1
656	1
4319	1
2069	1
658	1
663	1
664	1
3346	1
668	1
3488	1
673	1
674	1
675	1
678	1
2386	1
698	1
1294	1
5208	1
3704	1
4085	1
5243	1
2746	1
4110	1
5240	1
2750	1
3235	1
4796	1
3259	1
3278	1
3530	1
3375	1
3997	1
4015	1
3380	1
3816	1
3394	1
4025	1
3403	1
3423	1
5209	1
3470	1
3473	1
3476	1
4955	1
3606	1
4534	1
2091	3
30	3
2117	3
39	3
5164	3
56	3
76	3
2120	3
85	3
4299	3
126	3
2488	3
190	3
2163	3
222	3
2689	3
224	3
269	3
236	3
3708	3
506	3
5244	3
3095	3
536	3
2326	3
594	3
3819	3
5175	3
1045	3
803	3
4514	3
804	3
2695	3
4414	3
807	3
2618	3
809	3
880	3
860	3
1191	3
870	3
2502	3
872	3
897	3
874	3
3727	3
883	3
904	3
898	3
900	3
4313	3
920	3
5161	3
1609	3
939	3
3082	3
4582	3
973	3
4692	3
3701	3
974	3
4835	3
979	3
5157	3
3812	3
985	3
4147	3
990	3
4425	3
3993	3
992	3
4622	3
994	3
5158	3
3934	3
1001	3
5172	3
1021	3
1004	3
3775	3
2375	3
1006	3
4068	3
4013	3
1009	3
5156	3
2568	3
1012	3
3600	3
2967	3
1014	3
3774	3
4436	3
1018	3
4798	3
1064	3
1020	3
5033	3
1038	3
1024	3
1028	3
1047	3
1034	3
3936	3
1035	3
4494	3
2655	3
1044	3
5159	3
4435	3
4131	3
1050	3
4848	3
3417	3
1051	3
4858	3
4024	3
1054	3
4849	3
3780	3
1071	3
4508	3
2615	3
1073	3
4067	3
1080	3
4920	3
3712	3
1123	3
4818	3
2153	3
1134	3
2218	3
4971	3
1606	3
1144	3
1662	3
1146	3
2657	3
1148	3
3314	3
1156	3
1153	3
2233	3
1154	3
3617	3
3260	3
1158	3
1218	3
1160	3
1163	3
3123	3
1164	3
1166	3
4972	3
2664	3
1175	3
5114	3
1186	3
3068	3
1196	3
1207	3
2716	3
1246	3
4130	3
2670	3
1247	3
4340	3
1259	3
4737	3
4451	3
1272	3
5174	3
2403	3
1277	3
1286	3
1278	3
2743	3
1283	3
4061	3
1291	3
1630	3
1297	3
1998	3
3696	3
3596	3
4855	3
4780	3
4921	3
4311	3
2527	3
2890	3
2538	3
5165	3
2540	3
5247	3
2546	3
3736	3
2547	3
3778	3
2550	3
4836	3
2553	3
4560	3
4398	3
2559	3
5171	3
2562	3
2563	3
4850	3
2566	3
5173	3
4205	3
4646	3
2570	3
2574	3
4739	3
2577	3
3744	3
2585	3
4738	3
4069	3
2587	3
3776	3
2593	3
4542	3
5039	3
2597	3
3731	3
2601	3
4645	3
4021	3
2604	3
4657	3
3729	3
2614	3
2648	3
4432	3
5160	3
3707	3
2668	3
4919	3
2673	3
2709	3
4640	3
2710	3
4225	3
2711	3
3904	3
2712	3
4354	3
2715	3
4641	3
4500	3
2718	3
4918	3
2719	3
2720	3
4094	3
2724	3
3683	3
2727	3
3806	3
5155	3
3406	3
3503	3
3441	3
2092	1
31	1
259	1
142	1
2877	1
1780	1
1322	1
3619	1
1324	1
2258	1
4161	1
1328	1
4406	1
1364	1
2806	1
1374	1
2810	1
1378	1
4557	1
1386	1
1380	1
1383	1
4558	1
1413	1
1384	1
3055	1
1406	1
1388	1
4014	1
2812	1
1389	1
4341	1
1392	1
3207	1
1396	1
3877	1
1833	1
1400	1
1402	1
1860	1
4633	1
1404	1
4634	1
3471	1
1414	1
1415	1
1418	1
3573	1
4455	1
1419	1
4743	1
1420	1
1421	1
4006	1
1422	1
5107	1
2771	1
4635	1
2804	1
3654	1
2815	1
2823	1
243	1
33	1
2097	1
41	1
4984	1
68	1
2678	1
82	1
2135	1
140	1
2136	1
144	1
5105	1
158	1
5241	1
4285	1
1308	1
4764	1
4114	1
1310	1
4563	1
4070	1
1315	1
5239	1
2505	1
1325	1
1686	1
1332	1
4415	1
2882	1
1334	1
3956	1
1335	1
5068	1
2239	1
1336	1
2775	1
1340	1
4513	1
2871	1
1345	1
3258	1
1350	1
3902	1
4686	1
2638	1
1365	1
5066	1
4636	1
2880	1
1428	1
3287	1
2245	1
1431	1
2251	1
1434	1
3942	1
1751	1
1435	1
1446	1
3977	1
1450	1
4983	1
4012	1
1452	1
4986	1
4007	1
1496	1
5067	1
3351	1
1532	1
3576	1
3312	1
1534	1
3574	1
1541	1
4003	1
1565	1
1547	1
3976	1
2323	1
1551	1
3546	1
3107	1
1554	1
1559	1
2325	1
1561	1
4443	1
3905	1
2489	1
1566	1
3634	1
2549	1
1580	1
4857	1
4262	1
1584	1
4977	1
3443	1
1586	1
3866	1
3543	1
1588	1
4985	1
2939	1
1590	1
2599	1
1607	1
4064	1
4234	1
2520	1
2933	1
4705	1
3857	1
4438	1
4976	1
4236	1
4975	1
4854	1
3740	1
3748	1
4979	1
4343	1
4567	1
5069	1
3592	1
2747	1
4553	1
2764	1
2755	1
4243	1
2758	1
5242	1
4115	1
2759	1
4459	1
3660	1
2762	1
5106	1
2767	1
2802	1
2777	1
4033	1
3016	1
2791	1
4963	1
5065	1
2793	1
3982	1
2798	1
2800	1
4106	1
2829	1
2831	1
2851	1
5256	1
4353	1
2869	1
2874	1
2873	1
2946	1
3595	1
2875	1
4618	1
2886	1
4802	1
3757	1
2888	1
4521	1
2891	1
4619	1
3649	1
2893	1
2896	1
4617	1
2902	1
2897	1
2915	1
4388	1
3614	1
2899	1
3916	1
2901	1
4241	1
4387	1
3990	1
2904	1
4104	1
3416	1
2906	1
3791	1
2914	1
4371	1
4372	1
2920	1
4198	1
3689	1
2922	1
2928	1
2927	1
3021	1
3575	1
2931	1
4574	1
2950	1
4456	1
2952	1
4431	1
4978	1
2954	1
3590	1
2968	1
3591	1
4779	1
2974	1
4973	1
3665	1
2976	1
4571	1
2983	1
4724	1
4974	1
3146	1
4706	1
2095	3
38	3
2105	3
54	3
5088	3
90	3
262	3
176	3
5163	3
4694	3
811	3
5090	3
3253	3
852	3
3549	3
940	3
854	3
2219	3
861	3
857	3
3810	3
2482	3
4039	3
867	3
4774	3
868	3
876	3
4820	3
4423	3
877	3
3007	3
878	3
3562	3
882	3
4882	3
4117	3
884	3
4819	3
4533	3
886	3
889	3
887	3
936	3
890	3
905	3
892	3
1189	3
894	3
3499	3
901	3
4569	3
909	3
3152	3
907	3
919	3
908	3
1070	3
911	3
982	3
912	3
927	3
917	3
4988	3
2072	3
921	3
2857	3
4987	3
923	3
3794	3
929	3
3270	3
932	3
933	3
4815	3
942	3
2221	3
950	3
2644	3
1205	3
952	3
2224	3
954	3
4800	3
1202	3
960	3
2346	3
961	3
962	3
3659	3
968	3
970	3
4108	3
4170	3
3730	3
1199	3
4587	3
3447	3
1885	3
1873	3
1931	3
1875	3
1888	3
1889	3
1879	3
1983	3
1881	3
1973	3
3767	3
2649	3
3685	3
5092	3
4479	3
5085	3
2501	3
2484	3
2485	3
4268	3
5086	3
2492	3
5091	3
3324	3
2530	3
2531	3
4655	3
5087	3
2099	5
46	5
2100	5
47	5
2222	5
61	5
3524	5
70	5
252	5
98	5
2212	5
331	5
293	5
3526	5
296	5
294	5
1085	5
295	5
3338	5
2354	5
352	5
302	5
3519	5
348	5
304	5
306	5
3901	5
3306	5
378	5
3337	5
445	5
419	5
481	5
447	5
429	5
483	5
482	5
2849	5
808	5
2305	5
1442	5
3305	5
2892	5
1459	5
2101	5
3336	5
2292	5
3455	5
3023	5
3280	5
2396	5
3304	5
2397	5
3508	5
2814	5
2889	5
3143	5
3454	5
3465	5
1796	4
51	4
3926	4
123	4
150	4
2376	4
976	4
5169	4
1487	4
1460	4
5255	4
2723	4
1467	4
4005	4
1480	4
1471	4
3669	4
3409	4
4495	4
4159	4
1647	4
1648	4
5049	4
4045	4
1652	4
5051	4
2254	4
1700	4
4831	4
2340	4
1703	4
3981	4
2398	4
1712	4
4580	4
2438	4
1725	4
5046	4
4401	4
1738	4
4195	4
1740	4
1752	4
5170	4
4536	4
1754	4
4626	4
1769	4
4573	4
1771	4
1775	4
2106	4
1783	4
4861	4
1784	4
1791	4
1786	4
3130	4
4060	4
1806	4
4630	4
2523	4
1807	4
4122	4
4409	4
1813	4
4631	4
3058	4
1818	4
1820	4
4305	4
1822	4
3568	4
1829	4
4503	4
3432	4
4860	4
4535	4
4597	4
2399	4
2924	4
2847	4
4725	4
4410	4
5050	4
2726	4
3487	4
3436	4
2859	4
3092	4
2856	4
2863	4
3795	4
4859	4
3941	4
3013	4
4756	4
3552	4
3015	4
4654	4
5203	4
3019	4
3805	4
3750	4
3020	4
3550	4
3040	4
3045	4
4143	4
3046	4
4579	4
3638	4
3050	4
4852	4
3056	4
3057	4
4498	4
3060	4
4470	4
3563	4
3063	4
4360	4
4799	4
3075	4
3066	4
5047	4
3106	4
3067	4
3072	4
3561	4
3074	4
3768	4
3080	4
3644	4
3081	4
4980	4
3558	4
3083	4
4685	4
3087	4
3882	4
3089	4
4627	4
3090	4
5048	4
3094	4
3096	4
3834	4
3098	4
4365	4
3111	4
3115	4
3114	4
3121	4
4830	4
3129	4
3122	4
3124	4
4829	4
3211	4
3125	4
3538	4
3127	4
3607	4
3136	4
4281	4
3141	4
4408	4
3405	4
3147	4
3623	4
3154	4
4174	4
4407	4
2104	2
53	2
2154	2
203	2
3799	2
212	2
3691	2
319	2
4315	2
3556	2
326	2
4689	2
2986	2
448	2
4381	2
2193	2
463	2
4867	2
5264	2
599	2
590	2
3344	2
2068	2
1972	2
638	2
3749	2
671	2
5016	2
3588	2
682	2
5151	2
713	2
2537	2
723	2
3909	2
739	2
4249	2
2583	2
740	2
3754	2
751	2
3755	2
765	2
5023	2
4674	2
4123	2
794	2
5018	2
3911	2
831	2
4868	2
2467	2
834	2
5028	2
5020	2
835	2
5013	2
875	2
5017	2
893	2
888	2
4053	2
3540	2
3914	2
906	2
4179	2
928	2
4895	2
3052	2
930	2
3800	2
3438	2
931	2
4761	2
3133	2
1122	2
3897	2
4230	2
1168	2
2625	2
1173	2
1188	2
1217	2
4552	2
3868	2
1251	2
4809	2
1326	2
4318	2
4418	2
1526	2
5268	2
2803	2
1963	2
1994	2
2006	2
2675	2
3951	2
3933	2
2334	2
4581	2
4957	2
2339	2
4965	2
4966	2
4440	2
2343	2
5026	2
5261	2
3894	2
2370	2
4215	2
4704	2
3565	2
2391	2
4496	2
4896	2
2392	2
5260	2
2428	2
4758	2
4964	2
2434	2
2436	2
2462	2
4616	2
4959	2
4083	2
2510	2
5022	2
3608	2
2534	2
4308	2
4057	2
4158	2
3461	2
2640	2
4187	2
3714	2
2643	2
4248	2
2647	2
5019	2
2848	2
2674	2
3264	2
3578	2
4528	2
2679	2
4821	2
3848	2
2683	2
5021	2
4132	2
2730	2
4628	2
2739	2
5014	2
2870	2
2752	2
2985	2
2792	2
4762	2
4894	2
2813	2
3896	2
3825	2
5154	2
3381	2
2876	2
3651	2
5027	2
2883	2
5063	2
3765	2
2964	2
4294	2
3663	2
3005	2
4566	2
5025	2
3117	2
5000	2
4632	2
3210	2
3532	2
3238	2
4805	2
5015	2
5142	2
4620	2
3276	2
4295	2
3334	2
3353	2
5064	2
3413	2
3361	2
3401	2
3412	2
3429	2
3430	2
4349	2
3513	2
3547	2
5262	2
4279	2
4958	2
5213	2
4344	2
5024	2
3790	2
4454	2
4614	2
4615	2
4726	2
3890	2
4893	2
4700	2
4089	2
4125	2
4310	2
4280	2
4594	2
4325	2
1932	7
55	7
4793	7
278	7
4794	7
2337	7
287	7
2722	7
289	7
3822	7
4189	7
292	7
4898	7
4872	7
2113	7
320	7
2425	7
2090	7
327	7
2291	7
4118	7
418	7
4869	7
1917	7
451	7
3342	7
2423	7
743	7
3071	7
3833	7
745	7
4720	7
2415	7
750	7
4721	7
767	7
760	7
3923	7
817	7
4386	7
818	7
5070	7
1086	7
4426	7
3587	7
4434	7
5111	7
2255	7
1749	7
3938	7
1770	7
2285	7
1772	7
1794	7
5078	7
2650	7
1799	7
3686	7
3390	7
1803	7
1933	7
4662	7
1805	7
5071	7
5076	7
1809	7
2180	7
1810	7
1812	7
4771	7
3026	7
1814	7
4873	7
2263	7
1823	7
3350	7
1825	7
2595	7
1828	7
4229	7
1835	7
1838	7
1839	7
3164	7
1840	7
4493	7
3214	7
1842	7
1871	7
1856	7
1867	7
1880	7
1894	7
2418	7
1898	7
1902	7
4160	7
1906	7
4488	7
1909	7
4993	7
2273	7
1911	7
3477	7
3024	7
1916	7
3484	7
1918	7
4555	7
1925	7
1919	7
1921	7
4995	7
2047	7
1922	7
1928	7
1937	7
1976	7
1938	7
4994	7
2267	7
1939	7
3478	7
1944	7
4707	7
1951	7
2277	7
1967	7
2787	7
1970	7
1971	7
4992	7
1985	7
1989	7
1987	7
2007	7
4517	7
2959	7
2011	7
2020	7
2015	7
2019	7
3874	7
2075	7
2022	7
2289	7
2532	7
2025	7
4278	7
2026	7
2081	7
2028	7
2043	7
2030	7
4520	7
3187	7
2032	7
2034	7
2168	7
2037	7
2041	7
2042	7
2049	7
4870	7
2055	7
3311	7
2059	7
2062	7
2065	7
4087	7
2066	7
2067	7
2359	7
2077	7
2078	7
3362	7
2183	7
3061	7
4466	7
4146	7
3354	7
2495	7
3687	7
2498	7
4874	7
5073	7
2500	7
5072	7
5075	7
3589	7
2519	7
3939	7
2557	7
2579	7
4996	7
2580	7
2589	7
4570	7
2607	7
3991	7
2654	7
4656	7
4871	7
3586	7
2659	7
2672	7
2697	7
4770	7
3299	7
5074	7
4811	7
3597	7
4164	7
1266	3
59	3
4491	3
67	3
1268	3
69	3
1653	3
71	3
2122	3
92	3
4889	3
132	3
2512	3
145	3
260	3
157	3
4127	3
166	3
3290	3
182	3
3216	3
192	3
2514	3
4969	3
2801	3
810	3
2214	3
812	3
3289	3
814	3
815	3
3620	3
2215	3
816	3
2460	3
821	3
2464	3
825	3
4265	3
843	3
827	3
848	3
2450	3
838	3
2474	3
839	3
4264	3
4298	3
842	3
5089	3
2451	3
844	3
846	3
4562	3
3317	3
859	3
4888	3
5162	3
869	3
895	3
2516	3
1074	3
3179	3
2140	3
1076	3
2295	3
2227	3
1081	3
2617	3
1084	3
4613	3
1089	3
2513	3
1090	3
2515	3
1091	3
2228	3
1093	3
1112	3
1096	3
2504	3
1098	3
4178	3
1104	3
1106	3
3536	3
1108	3
3915	3
3653	3
1111	3
4112	3
1115	3
4548	3
1120	3
3185	3
1121	3
3912	3
1135	3
1129	3
1137	3
1145	3
1136	3
2653	3
1213	3
3827	3
1214	3
2329	3
1216	3
2702	3
1221	3
3785	3
1223	3
4190	3
4370	3
1224	3
5038	3
3694	3
1229	3
4832	3
1231	3
2406	3
1236	3
1237	3
3692	3
1242	3
4890	3
4357	3
2171	3
4575	3
3368	3
4833	3
2454	3
2458	3
3839	3
2469	3
2478	3
2480	3
4576	3
3966	3
4261	3
2623	3
2632	3
2637	3
4747	3
4970	3
2641	3
2694	3
2699	3
4382	3
4157	7
120	7
3433	7
820	7
5029	7
822	7
5108	7
2466	7
832	7
3918	7
3817	7
836	7
5008	7
2216	7
841	7
925	7
845	7
3895	7
1377	7
847	7
1416	7
4042	7
849	7
5032	7
3303	7
853	7
4035	7
862	7
3356	7
2671	7
863	7
4142	7
873	7
866	7
2525	7
4250	7
913	7
5009	7
1225	7
3632	7
2247	7
1469	7
4251	7
2665	7
1474	7
2998	7
1483	7
1477	7
4044	7
2862	7
1479	7
5031	7
1569	7
1481	7
3828	7
4668	7
1482	7
2248	7
1490	7
3921	7
1787	7
1493	7
3414	7
1494	7
1517	7
1495	7
1527	7
4317	7
1497	7
3646	7
1506	7
2677	7
1507	7
4637	7
1508	7
4661	7
4461	7
1511	7
4879	7
3427	7
1513	7
4776	7
4181	7
1514	7
1516	7
4722	7
1520	7
4040	7
1521	7
5007	7
2795	7
1530	7
4312	7
1535	7
3407	7
1539	7
1557	7
3347	7
1573	7
3965	7
3162	7
1595	7
3924	7
1635	7
4480	7
4930	7
1661	7
4931	7
1716	7
1669	7
4509	7
1672	7
3316	7
1679	7
5030	7
3679	7
1683	7
1720	7
1691	7
1695	7
5110	7
3053	7
1701	7
4467	7
2524	7
1704	7
5113	7
1705	7
3875	7
1706	7
4647	7
1708	7
1709	7
4284	7
1710	7
2257	7
1713	7
3227	7
1717	7
1827	7
1718	7
2242	7
1719	7
5077	7
1726	7
1722	7
4113	7
3155	7
1723	7
1730	7
1724	7
2419	7
2999	7
1727	7
2198	7
1729	7
4812	7
2688	7
1733	7
1735	7
4683	7
1737	7
1741	7
1744	7
2541	7
1745	7
3242	7
1753	7
5109	7
1758	7
1764	7
4851	7
1779	7
1785	7
2102	7
1790	7
3580	7
1792	7
1800	7
2308	7
3064	7
2380	7
4119	7
2382	7
2402	7
5010	7
4274	7
4591	7
4099	7
2511	7
4745	7
3940	7
2535	7
4004	7
4163	7
3952	7
2544	7
5200	7
2666	7
2756	7
2754	7
3988	7
2822	7
4775	7
3070	7
3920	7
3170	7
3233	7
3717	7
3249	7
3876	7
3554	7
4510	7
5112	7
4109	7
2151	4
194	4
2231	4
769	4
3713	4
1075	4
903	4
1078	4
3301	4
3872	4
2306	4
3545	4
3150	4
3873	4
3720	4
3300	4
1190	6
209	6
3599	6
291	6
4444	6
3367	6
312	6
5102	6
4772	6
2616	6
334	6
4442	6
3138	6
511	6
5044	6
579	6
4228	6
779	6
3601	6
2552	6
984	6
4677	6
2162	6
1059	6
4141	6
1063	6
2499	6
1185	6
4002	6
2235	6
2691	6
1215	6
3330	6
1351	6
1363	6
4301	6
1558	6
2975	6
1637	6
2276	6
1707	6
4391	6
1836	6
1841	6
5103	6
2272	6
1905	6
4000	6
1950	6
2947	6
1974	6
4390	6
2435	6
2490	6
4296	6
3772	6
3325	6
3537	0
211	0
553	0
4664	0
2240	0
1330	0
5125	0
1649	0
2783	0
1651	0
4316	0
2656	0
1660	0
3947	0
2421	0
1732	0
4380	0
3979	0
1759	0
4275	0
4363	0
1762	0
5289	0
2555	0
1819	0
2269	0
1920	0
3667	0
1936	0
4526	0
4376	0
1960	0
4377	0
1975	0
4169	0
1993	0
1991	0
4054	0
3205	0
4379	0
2024	0
3282	0
2038	0
4276	0
4846	0
5126	0
5123	0
4505	0
4991	0
4754	0
2630	0
4183	0
5290	0
3648	0
4471	0
2900	0
4990	0
2911	0
4102	0
2918	0
4148	0
3676	0
2926	0
2949	0
4714	0
4715	0
2953	0
4716	0
2955	0
4989	0
2960	0
4329	0
2987	0
2992	0
2996	0
3008	0
4847	0
4302	0
3012	0
5291	0
3108	0
3119	0
4324	0
3157	0
3535	0
3191	0
3684	0
3415	0
3219	0
3226	0
3225	0
4133	0
4330	0
3681	0
3996	0
4378	0
4334	5
279	5
4511	5
2830	5
335	5
5147	5
2948	5
453	5
3594	5
4300	5
502	5
3386	5
646	5
4699	5
3031	5
715	5
3846	5
3878	5
956	5
1180	5
1182	5
3474	5
1184	5
1274	5
4193	5
1358	5
4658	5
2606	5
1489	5
2603	5
1572	5
4865	5
1977	5
1702	5
3131	5
1755	5
4345	5
2261	5
1804	5
5061	5
1821	5
2991	5
1831	5
4346	5
2310	5
1863	5
2021	5
2966	5
2417	5
3788	5
3054	5
2529	5
4337	5
4347	5
3126	5
3464	5
3885	5
585	5
582	5
2940	5
2324	5
2447	5
1203	5
2448	5
2459	5
1220	5
4048	5
3255	5
1227	5
3995	5
1304	5
1228	5
2446	5
2107	5
1235	5
3267	5
1258	5
1252	5
1254	5
4043	5
1261	5
3932	5
1262	5
1288	5
1430	5
1306	5
1309	5
5146	5
1314	5
1355	5
1357	5
3994	5
2243	5
1376	5
1410	5
2444	5
1464	5
2445	5
1734	5
2449	5
4052	5
2645	5
2833	4
1449	4
2832	4
1486	4
4644	4
1612	4
5257	4
4197	4
1613	4
4881	4
4547	4
1617	4
5253	4
4719	4
3218	4
1641	4
1646	4
5235	4
3272	4
1663	4
5254	4
2253	4
1664	4
2476	4
1667	4
4439	4
3466	4
1671	4
3030	4
1673	4
1676	4
4088	4
1776	4
4307	4
4691	4
4702	4
3027	4
2841	4
2879	4
4238	4
2988	4
4506	4
2990	4
4217	4
2995	4
4484	4
3202	4
3009	4
3215	4
3028	4
3732	4
4880	4
