# Input: C:/Users/Yanyan/Documents/Visual Studio 2013/Projects/StressTransGraphVis/data/bcspwr10/bcspwr10.txt
# Nodes: 5300    Edges: 8271
# Algoritm: Clauset-Newman-Moore
# Modularity: 0.921425
# Communities: 33
# NId	CommunityId
1244	0
0	0
2318	0
2093	0
35	0
2526	0
174	0
392	0
383	0
3168	0
2753	0
3826	0
393	0
4763	0
3086	0
472	0
3948	0
4457	0
550	0
4519	0
4515	0
551	0
5236	0
1756	0
571	0
1757	0
828	0
592	0
3500	0
3475	0
601	0
5037	0
665	0
614	0
2598	0
615	0
3520	0
2379	0
616	0
3883	0
644	0
617	0
806	0
631	0
2684	0
2610	0
636	0
725	0
642	0
2414	0
3821	0
643	0
4885	0
650	0
2766	0
647	0
4760	0
2816	0
649	0
3263	0
3705	0
4572	0
669	0
4886	0
3671	0
700	0
5238	0
3719	0
718	0
4545	0
2404	0
720	0
4669	0
733	0
2179	0
746	0
2303	0
3887	0
754	0
4902	0
784	0
775	0
1039	0
2314	0
782	0
2799	0
790	0
786	0
4389	0
4749	0
795	0
5134	0
797	0
798	0
4544	0
826	0
4997	0
4551	0
4604	0
891	0
916	0
910	0
943	0
914	0
958	0
918	0
915	0
4458	0
2508	0
926	0
4227	0
4263	0
937	0
4670	0
3978	0
945	0
4482	0
946	0
965	0
4339	0
3444	0
966	0
969	0
971	0
4543	0
2223	0
983	0
986	0
996	0
5267	0
4185	0
998	0
1007	0
1032	0
3668	0
3091	0
1033	0
1062	0
4981	0
3029	0
1088	0
1127	0
5137	0
2581	0
1140	0
4679	0
2626	0
1147	0
4011	0
4137	0
1169	0
1192	0
4678	0
4713	0
1193	0
2884	0
1201	0
2624	0
1222	0
4180	0
4723	0
2887	0
1368	0
5036	0
1458	0
1456	0
3493	0
1478	0
1522	0
1582	0
5035	0
2957	0
1585	0
5265	0
1677	0
1746	0
1711	0
1802	0
2298	0
4072	0
2356	0
4887	0
5135	0
3522	0
3931	0
5132	0
2734	0
4165	0
5136	0
2749	0
3661	0
4883	0
2797	0
3609	0
2907	0
3842	0
2908	0
3843	0
3378	0
3853	0
3739	0
2982	0
3844	0
3041	0
3103	0
3783	0
3109	0
3929	0
3329	0
4430	0
4884	0
3345	0
4286	0
3402	0
4504	0
3453	0
3420	0
3481	0
3675	0
3424	0
3435	0
5133	0
5186	0
3456	0
3602	0
4590	0
3490	0
3652	0
4473	0
3992	0
4938	1
2590	1
112	1
263	1
181	1
1832	1
2184	1
298	1
728	1
313	1
2207	1
2997	1
486	1
476	1
2662	1
2187	1
485	1
5237	1
738	1
5197	1
2210	1
757	1
5293	1
2086	1
850	1
4172	1
1187	1
2807	1
1243	1
5116	1
3611	1
1255	1
4856	1
3664	1
1299	1
4404	1
4481	1
1337	1
5198	1
1553	1
1356	1
2244	1
1361	1
4245	1
3186	1
1423	1
1579	1
1438	1
1476	1
4010	1
1533	1
3722	1
1550	1
5298	1
4093	1
1760	1
1571	1
2473	1
1575	1
5115	1
2250	1
1576	1
5118	1
3036	1
1581	1
4629	1
1619	1
2980	1
1621	1
5199	1
1622	1
1666	1
1644	1
3830	1
1659	1
4549	1
1678	1
5119	1
1721	1
1715	1
5117	1
3110	1
1728	1
2934	1
1731	1
4306	1
3159	1
1739	1
1747	1
1768	1
1777	1
3169	1
1778	1
2561	1
1789	1
1797	1
4223	1
1816	1
1801	1
1815	1
1843	1
1849	1
1864	1
5292	1
1876	1
1882	1
2270	1
1895	1
3688	1
1901	1
1896	1
3180	1
1899	1
1926	1
1943	1
1955	1
1962	1
1964	1
3037	1
1981	1
2010	1
4929	1
2070	1
4326	1
2433	1
2558	1
4568	1
3184	1
2591	1
3173	1
2761	1
3566	1
3035	2
1	2
2852	2
32	2
2094	2
36	2
3100	2
94	2
2128	2
102	2
2533	2
103	2
3385	2
131	2
2134	2
137	2
258	2
138	2
4416	2
141	2
3472	2
156	2
4905	2
161	2
3655	2
162	2
3373	2
206	2
207	2
3489	2
3365	2
336	2
4272	2
3307	2
338	2
2582	2
339	2
4909	2
3792	2
340	2
4863	2
3339	2
354	2
4862	2
3451	2
363	2
3295	2
374	2
373	2
3907	2
4121	2
376	2
4374	2
4134	2
382	2
2937	2
384	2
387	2
4680	2
388	2
4135	2
421	2
403	2
4008	2
3954	2
404	2
4801	2
416	2
4906	2
3824	2
423	2
4335	2
426	2
424	2
4497	2
471	2
425	2
3746	2
428	2
487	2
427	2
4696	2
2794	2
430	2
4082	2
433	2
4912	2
3392	2
455	2
4915	2
2704	2
457	2
4732	2
2073	2
459	2
462	2
4269	2
4908	2
509	2
473	2
3553	2
2196	2
477	2
3034	2
3370	2
480	2
4405	2
484	2
3501	2
494	2
3523	2
3483	2
497	2
3502	2
535	2
498	2
3422	2
3308	2
508	2
3517	2
4355	2
2693	2
2686	2
2408	2
2687	2
3363	2
4020	2
2443	2
4541	2
2456	2
3699	2
2493	2
4913	2
4910	2
3158	2
2571	2
4844	2
4845	2
4450	2
3182	2
2613	2
2669	2
4907	2
3680	2
2744	2
4136	2
2782	2
4911	2
4283	2
2826	2
4564	2
2853	2
3495	2
2872	2
4864	2
2910	2
3735	2
2930	2
3899	2
3033	2
3032	2
3039	2
3426	2
3782	2
4222	2
4556	2
4290	2
3431	2
4731	2
3737	2
3494	2
3564	2
3585	2
3584	2
4490	2
3640	2
3639	2
3641	2
4235	2
3743	2
4413	2
3987	2
3946	2
3950	2
4375	2
2084	3
2	3
3190	3
43	3
1107	3
225	3
4599	3
232	3
1658	3
234	3
3959	3
281	3
4651	3
299	3
4853	3
310	3
311	3
5266	3
2182	3
314	3
323	3
2131	3
346	3
356	3
4221	3
359	3
362	3
365	3
2700	3
377	3
5280	3
2507	3
420	3
3376	3
444	3
5034	3
456	3
458	3
5277	3
562	3
559	3
3224	3
747	3
741	3
2422	3
3898	3
771	3
766	3
1143	3
1128	3
2651	3
3935	3
1403	3
1385	3
4342	3
2796	3
1393	3
5281	3
1682	3
1444	3
4328	3
3512	3
1466	3
5279	3
1470	3
1468	3
2909	3
2881	3
1485	3
4934	3
1499	3
2984	3
2738	3
1504	3
3567	3
1515	3
3766	3
1528	3
4464	3
4672	3
1583	3
4939	3
2209	3
1674	3
3662	3
1675	3
5283	3
4213	3
1680	3
5285	3
3955	3
1687	3
4593	3
1811	3
4399	3
2057	3
2045	3
5124	3
3288	3
2061	3
3511	3
3460	3
2181	3
5098	3
2461	3
3572	3
3491	3
2602	3
3618	3
3642	3
2682	3
2609	3
3388	3
3808	3
2621	3
3770	3
2635	3
4427	3
4777	3
3557	3
2642	3
2765	3
4489	3
3906	3
2772	3
4804	3
2860	3
2838	3
2839	3
4309	3
2845	3
5282	3
3624	3
2972	3
3246	3
3408	3
3419	3
3515	3
3298	3
3479	3
3310	3
3510	3
3327	3
3349	3
5278	3
5284	3
237	4
3	4
239	4
15	4
3870	4
27	4
247	4
75	4
249	4
83	4
253	4
111	4
257	4
128	4
2259	4
164	4
2144	4
170	4
2149	4
185	4
272	4
196	4
3189	4
204	4
2156	4
208	4
2158	4
210	4
3003	4
2012	4
2176	4
2368	4
717	4
2471	4
454	4
4961	4
5104	4
3845	4
4210	4
719	4
5056	4
2993	4
1025	4
4095	4
2578	4
1102	4
4105	4
1117	4
1109	4
1118	4
1116	4
3762	4
4393	4
1149	4
4395	4
1157	4
4396	4
3145	4
1159	4
2236	4
1194	4
2770	4
4287	4
1206	4
4449	4
3815	4
1209	4
4207	4
2680	4
1211	4
3044	4
2696	4
1226	4
3209	4
2452	4
1230	4
3892	4
2708	4
1234	4
2627	4
1239	4
3551	4
4289	4
1245	4
4795	4
2660	4
1284	4
2661	4
1303	4
1289	4
2631	4
1302	4
2769	4
2237	4
1311	4
2307	4
1323	4
1313	4
1316	4
4208	4
1317	4
4492	4
1319	4
1320	4
1327	4
4212	4
1342	4
1344	4
4206	4
1354	4
4960	4
4608	4
3042	4
1601	4
4687	4
3284	4
1603	4
4962	4
2232	4
1604	4
2728	4
1650	4
1608	4
4199	4
3283	4
1611	4
4523	4
2338	4
1618	4
4001	4
2431	4
1628	4
3967	4
1645	4
4524	4
2977	4
2389	4
1681	4
3398	4
3728	4
1714	4
4256	4
2646	4
1742	4
2256	4
1761	4
4666	4
1766	4
1773	4
4828	4
4076	4
1781	4
1782	4
1788	4
1824	4
1793	4
1795	4
4665	4
1910	4
1798	4
2262	4
1817	4
3148	4
1826	4
3548	4
1850	4
1834	4
4878	4
3118	4
1837	4
4951	4
1845	4
3773	4
3171	4
1878	4
3647	4
2369	4
1924	4
4239	4
4368	4
1952	4
2008	4
1954	4
4659	4
3629	4
1956	4
4303	4
2268	4
1957	4
2543	4
1979	4
4950	4
2282	4
1986	4
4367	4
3813	4
4953	4
5057	4
4260	4
4827	4
2365	4
3910	4
2357	4
5201	4
3716	4
4565	4
3605	4
2378	4
5043	4
2865	4
4128	4
4231	4
4392	4
4394	4
2619	4
4211	4
4412	4
2639	4
3468	4
3930	4
3847	4
2698	4
3439	4
4097	4
2717	4
4954	4
3753	4
2811	4
3047	4
3049	4
3410	4
3865	4
2921	4
4499	4
3835	4
2929	4
2938	4
2973	4
4201	4
4202	4
2981	4
3022	4
3841	4
3343	4
3643	4
4116	4
3043	4
3048	4
3837	4
3059	4
3160	4
4018	4
4096	4
4101	4
3296	4
3194	4
3886	4
3195	4
3204	4
3980	4
3229	4
3231	4
4746	4
3232	4
3262	4
3369	4
3945	4
4192	4
3425	4
3440	4
4257	4
3593	4
3450	4
4952	4
4200	4
3485	4
3582	4
3505	4
4209	4
3700	4
3761	4
3763	4
3764	4
3801	4
2503	5
4	5
4078	5
5	5
4080	5
7	5
4166	5
11	5
2125	5
13	5
2103	5
52	5
3183	5
57	5
5190	5
58	5
2110	5
62	5
2111	5
63	5
2112	5
64	5
4791	5
72	5
5195	5
74	5
2118	5
78	5
2124	5
95	5
2129	5
106	5
4023	5
118	5
4790	5
119	5
4153	5
122	5
2138	5
151	5
3142	5
160	5
3631	5
178	5
2148	5
184	5
4900	5
186	5
2317	5
187	5
3747	5
188	5
5177	5
216	5
3393	5
217	5
2161	5
220	5
4277	5
228	5
2167	5
230	5
3101	5
515	5
4605	5
2855	5
774	5
5003	5
2363	5
788	5
3610	5
793	5
3525	5
2432	5
934	5
2528	5
953	5
3798	5
5166	5
957	5
5167	5
3756	5
967	5
4698	5
988	5
3818	5
997	5
4596	5
2565	5
999	5
3116	5
1010	5
5221	5
2569	5
1015	5
4055	5
1019	5
3760	5
3163	5
1022	5
1026	5
5219	5
4140	5
1030	5
5218	5
1066	5
1041	5
2430	5
3849	5
1042	5
5095	5
1048	5
5094	5
3615	5
1052	5
4359	5
2017	5
1057	5
3908	5
5096	5
5214	5
1068	5
5215	5
2731	5
1087	5
2979	5
1095	5
5216	5
1100	5
5217	5
3656	5
1101	5
3093	5
1103	5
5222	5
1113	5
1105	5
4797	5
4522	5
1125	5
2600	5
1126	5
1131	5
4016	5
1133	5
4139	5
5206	5
1138	5
4817	5
1139	5
1141	5
5093	5
1152	5
4402	5
1162	5
1170	5
5220	5
4350	5
1172	5
2575	5
1174	5
1176	5
1178	5
2455	5
1183	5
4126	5
4049	5
1195	5
4364	5
2332	5
1197	5
1233	5
1219	5
3498	5
4254	5
3796	5
1241	5
5131	5
1318	5
1249	5
1412	5
1500	5
1250	5
5181	5
3355	5
1253	5
1256	5
2114	5
1257	5
4773	5
3374	5
1290	5
4703	5
1298	5
1296	5
4220	5
1300	5
5191	5
1301	5
1307	5
1341	5
1312	5
2172	5
2917	5
1348	5
4537	5
5002	5
4518	5
1367	5
4755	5
3395	5
1372	5
4901	5
2805	5
1373	5
4507	5
4422	5
1375	5
5193	5
2294	5
1382	5
2302	5
5180	5
3733	5
1427	5
3858	5
1429	5
4609	5
1448	5
2411	5
1455	5
3577	5
1461	5
4940	5
1472	5
1475	5
5042	5
4196	5
1743	5
4904	5
5188	5
4369	5
2681	5
3506	5
4149	5
3463	5
4120	5
3968	5
4532	5
2475	5
2300	5
2178	5
5168	5
2229	5
4516	5
3718	5
3943	5
4546	5
2344	5
4744	5
5192	5
2345	5
4485	5
3527	5
4188	5
2703	5
3787	5
4623	5
3829	5
4111	5
2496	5
5189	5
5230	5
4224	5
2497	5
4625	5
5179	5
5205	5
2586	5
2611	5
2605	5
4673	5
4477	5
2636	5
2667	5
4173	5
2714	5
4937	5
2978	5
2732	5
4559	5
2737	5
4892	5
3670	5
2751	5
4204	5
5005	5
2784	5
4383	5
4803	5
5194	5
4338	5
2834	5
2861	5
3999	5
2894	5
4397	5
2895	5
4611	5
2905	5
4766	5
2913	5
4717	5
2923	5
3065	5
2936	5
2951	5
2958	5
4624	5
2965	5
3497	5
3579	5
3000	5
3006	5
3010	5
3018	5
3014	5
3850	5
3132	5
3038	5
5176	5
3077	5
5004	5
3104	5
3389	5
3140	5
3120	5
3318	5
3137	5
4899	5
3176	5
5178	5
4816	5
3533	5
3221	5
3555	5
4034	5
4419	5
3269	5
3957	5
3881	5
3313	5
3360	5
3359	5
3387	5
3516	5
3514	5
3399	5
3496	5
3521	5
4154	5
3710	5
4718	5
3725	5
3734	5
3803	5
4487	5
4583	5
4903	5
2085	6
6	6
241	6
24	6
2351	6
87	6
2123	6
93	6
1276	6
110	6
254	6
117	6
3302	6
134	6
4292	6
135	6
3621	6
149	6
2177	6
189	6
265	6
193	6
2160	6
218	6
1130	6
4233	6
1546	6
792	6
5297	6
796	6
5296	6
1633	6
800	6
1248	6
801	6
805	6
802	6
2175	6
837	6
823	6
855	6
2155	6
2299	6
1124	6
4639	6
3236	6
1270	6
1240	6
1260	6
4446	6
3364	6
4531	6
1263	6
2115	6
1267	6
2440	6
1269	6
1271	6
1282	6
1275	6
1279	6
1280	6
1287	6
1281	6
1338	6
1285	6
2506	6
2150	6
1407	6
1411	6
5295	6
1626	6
1589	6
1750	6
1774	6
1593	6
4932	6
4621	6
1594	6
1596	6
3212	6
1599	6
3917	6
1698	6
1600	6
2352	6
1605	6
4252	6
1614	6
4638	6
3228	6
1620	6
3286	6
1623	6
1631	6
1624	6
2353	6
3504	6
1627	6
2252	6
1634	6
2468	6
1636	6
1638	6
4022	6
3838	6
1642	6
1767	6
1808	6
2518	6
4610	6
3449	6
2361	6
3804	6
2185	7
8	7
2089	7
17	7
240	7
22	7
3193	7
25	7
488	7
37	7
2096	7
40	7
3974	7
49	7
2018	7
65	7
2119	7
81	7
250	7
84	7
5288	7
99	7
2126	7
100	7
4273	7
104	7
3469	7
115	7
4751	7
121	7
255	7
125	7
5232	7
139	7
5231	7
146	7
2191	7
148	7
1544	7
163	7
572	7
165	7
2145	7
171	7
437	7
175	7
2147	7
179	7
3151	7
180	7
5259	7
195	7
5121	7
201	7
268	7
219	7
4999	7
226	7
2165	7
227	7
4891	7
2173	7
2297	7
763	7
300	7
4478	7
301	7
5011	7
759	7
309	7
4512	7
315	7
2023	7
317	7
3569	7
322	7
5286	7
3797	7
333	7
4297	7
5224	7
341	7
5225	7
3879	7
357	7
5204	7
1114	7
358	7
5227	7
2388	7
360	7
4304	7
361	7
5223	7
368	7
364	7
367	7
2230	7
721	7
400	7
375	7
2878	7
3025	7
381	7
4460	7
2189	7
385	7
2483	7
3404	7
386	7
389	7
390	7
391	7
2137	7
394	7
4897	7
397	7
5122	7
407	7
398	7
3268	7
399	7
5299	7
514	7
406	7
3626	7
2142	7
410	7
4806	7
417	7
411	7
414	7
2199	7
434	7
4448	7
3658	7
2190	7
440	7
1531	7
442	7
3636	7
443	7
3960	7
461	7
4474	7
2194	7
464	7
3645	7
465	7
5012	7
4079	7
466	7
468	7
469	7
2195	7
475	7
1473	7
4244	7
489	7
3625	7
492	7
493	7
5294	7
495	7
3452	7
499	7
3852	7
504	7
4823	7
2405	7
505	7
3462	7
520	7
5120	7
4030	7
555	7
570	7
829	7
591	7
3913	7
2330	7
608	7
3598	7
609	7
612	7
4643	7
620	7
622	7
4385	7
630	7
626	7
633	7
5226	7
2840	7
634	7
637	7
4058	7
645	7
5228	7
1632	7
654	7
666	7
704	7
722	7
724	7
734	7
737	7
748	7
2825	7
756	7
762	7
761	7
5233	7
764	7
3352	7
772	7
799	7
789	7
3165	7
791	7
5229	7
3544	7
813	7
4098	7
819	7
3445	7
830	7
5258	7
2371	7
833	7
840	7
2932	7
864	7
5287	7
4168	7
865	7
2412	7
879	7
3292	7
881	7
885	7
3949	7
899	7
948	7
902	7
2584	7
3682	7
1273	7
4428	7
4194	7
1292	7
4742	7
3400	7
1293	7
5251	7
1305	7
1352	7
1440	7
4652	7
1465	7
1447	7
5129	7
2858	7
4184	7
1538	7
2348	7
1545	7
2785	7
1556	7
2249	7
1625	7
2309	7
4071	7
1639	7
1668	7
1685	7
5128	7
1694	7
1688	7
1690	7
5252	7
3672	7
1692	7
3331	7
1693	7
5130	7
1696	7
4282	7
5234	7
3823	7
1830	7
4808	7
3807	7
1886	7
2969	7
1892	7
4486	7
1923	7
4226	7
3206	7
2060	7
2576	7
2301	7
2208	7
2786	7
3862	7
3781	7
2768	7
4671	7
3149	7
3628	7
2824	7
2835	7
2843	7
4681	7
2925	7
2956	7
4327	7
3002	7
5001	7
5127	7
3893	7
3004	7
3017	7
3112	7
3379	7
3711	7
4752	7
3457	7
4595	7
4753	7
4026	7
935	8
9	8
4741	8
26	8
245	8
44	8
858	8
97	8
2133	8
136	8
143	8
152	8
851	8
153	8
5082	8
177	8
266	8
197	8
1165	8
199	8
205	8
271	8
1346	8
343	8
284	8
275	8
5141	8
5079	8
277	8
1958	8
4246	8
285	8
2916	8
297	8
4676	8
4810	8
318	8
4941	8
5212	8
606	8
324	8
3900	8
3234	8
325	8
4740	8
2536	8
328	8
4453	8
332	8
355	8
337	8
3084	8
344	8
3867	8
2620	8
351	8
4834	8
2963	8
353	8
4186	8
2539	8
4923	8
5097	8
366	8
3814	8
395	8
3340	8
396	8
2395	8
401	8
408	8
2139	8
413	8
4525	8
415	8
2521	8
4922	8
2567	8
422	8
4291	8
450	8
467	8
5246	8
479	8
500	8
490	8
5263	8
4358	8
516	8
4684	8
2472	8
552	8
4468	8
5270	8
2757	8
635	8
3266	8
707	8
4447	8
4107	8
731	8
752	8
856	8
1961	8
3273	8
871	8
3697	8
3174	8
1069	8
4660	8
3250	8
1099	8
2188	8
1110	8
4332	8
1132	8
1142	8
4822	8
2234	8
1204	8
1379	8
1329	8
4750	8
1360	8
3411	8
1510	8
2036	8
1655	8
4469	8
1665	8
1656	8
5140	8
3297	8
1670	8
4982	8
1736	8
2001	8
2281	8
2002	8
3134	8
2004	8
2005	8
5269	8
2013	8
5139	8
3751	8
2033	8
5271	8
3627	8
2079	8
4424	8
2080	8
4472	8
2083	8
4765	8
5276	8
2572	8
2238	8
2264	8
3677	8
5138	8
3869	8
5245	8
4759	8
3789	8
3741	8
2545	8
2608	8
2588	8
2725	8
2781	8
4150	8
4171	8
4216	8
5040	8
3529	8
3240	8
4967	8
3528	8
3244	8
5083	8
4259	8
3245	8
3657	8
3251	8
3254	8
3256	8
4362	8
3603	8
3274	8
3275	8
3738	8
3277	8
4452	8
4056	8
3322	8
3323	8
4320	8
3328	8
3384	8
3396	8
5081	8
4266	8
3542	8
4733	8
4968	8
5084	8
5080	8
4041	8
2087	9
10	9
1060	9
19	9
2116	9
50	9
2560	9
77	9
4074	9
79	9
248	9
80	9
3156	9
86	9
2088	9
96	9
233	9
3175	9
235	9
273	9
4675	9
402	9
369	9
2313	9
702	9
696	9
2427	9
699	9
3851	9
2205	9
701	9
2304	9
709	9
2741	9
705	9
2942	9
706	9
2943	9
712	9
708	9
2169	9
4065	9
710	9
755	9
711	9
2316	9
714	9
4462	9
716	9
4356	9
2290	9
726	9
729	9
1424	9
730	9
742	9
735	9
2944	9
736	9
2945	9
787	9
1564	9
744	9
2211	9
770	9
2821	9
2384	9
773	9
776	9
777	9
4009	9
1067	9
778	9
3832	9
1343	9
781	9
2867	9
3889	9
785	9
4075	9
2935	9
2819	9
2820	9
3880	9
2385	9
2387	9
2437	9
2441	9
4066	9
2941	9
3888	9
1097	10
12	10
23	10
3293	10
107	10
2685	10
108	10
267	10
215	10
2157	10
221	10
1077	10
1005	10
1000	10
4051	10
1002	10
4031	10
2573	10
1011	10
3856	10
1013	10
3855	10
3854	10
1017	10
1029	10
1023	10
1094	10
3703	10
1040	10
1043	10
1055	10
1061	10
2663	10
1072	10
1083	10
4047	10
1092	10
1167	10
1179	10
3237	10
5202	10
3135	10
3144	10
3177	10
3200	10
238	11
14	11
242	11
28	11
244	11
34	11
1079	11
48	11
2293	11
73	11
972	11
116	11
256	11
127	11
2780	11
133	11
1082	11
154	11
261	11
167	11
2143	11
169	11
264	11
183	11
1432	11
191	11
3986	11
200	11
270	11
4331	11
1689	11
1492	11
4177	11
951	11
947	11
949	11
955	11
991	11
959	11
2109	11
963	11
1031	11
3777	11
980	11
3983	11
3078	11
987	11
3222	11
2760	11
989	11
2970	11
993	11
995	11
3975	11
3434	11
2082	11
1208	11
3397	11
3358	11
1264	11
3509	11
1339	11
2742	11
1347	11
4032	11
2355	11
1349	11
1855	11
1359	11
3172	11
1436	11
1362	11
2779	11
3769	11
1366	11
4403	11
1369	11
4152	11
2690	11
1370	11
1371	11
3442	11
1381	11
3944	11
1390	11
1387	11
2773	11
4606	11
1391	11
4649	11
1437	11
1394	11
1401	11
1395	11
1398	11
4502	11
1399	11
1408	11
1405	11
1409	11
2866	11
1417	11
4601	11
2994	11
1425	11
1426	11
1433	11
2564	11
1439	11
4600	11
1518	11
1441	11
2401	11
3706	11
1443	11
1445	11
4237	11
1451	11
3279	11
1453	11
2246	11
1454	11
1577	11
1457	11
4648	11
1463	11
3709	11
1484	11
1765	11
1488	11
1491	11
2170	11
1498	11
3958	11
4019	11
1502	11
4050	11
1503	11
4151	11
3448	11
1509	11
4029	11
1563	11
1512	11
2296	11
1529	11
1523	11
2463	11
1524	11
4607	11
2141	11
1525	11
4577	11
1536	11
1548	11
1540	11
1543	11
1549	11
1552	11
4046	11
1567	11
1555	11
1592	11
1560	11
1602	11
1562	11
4650	11
1574	11
1570	11
1578	11
3973	11
1587	11
4348	11
1591	11
1597	11
1598	11
1684	11
2763	11
2315	11
3702	11
2470	11
3984	11
3985	11
3320	11
3863	11
2312	12
16	12
2121	12
88	12
3199	12
114	12
2442	12
168	12
2076	12
213	12
231	12
3742	12
975	12
2740	12
1844	12
2989	12
2592	12
1846	12
2265	12
1847	12
4550	12
1853	12
1848	12
1851	12
4782	12
2266	12
1852	12
4695	12
1854	12
2596	12
1890	12
1857	12
4787	12
3570	12
1858	12
1859	12
4788	12
3051	12
1861	12
1862	12
1869	12
1865	12
4219	12
1866	12
4781	12
1874	12
1868	12
3492	12
1877	12
1870	12
1940	12
1872	12
4561	12
2275	12
4103	12
1883	12
1884	12
4786	12
2278	12
1887	12
3113	12
1891	12
1893	12
2279	12
1897	12
2271	12
1900	12
2735	12
1903	12
4730	12
4400	12
1904	12
3188	12
1907	12
4688	12
3243	12
1908	12
2961	12
1912	12
2274	12
1913	12
3208	12
1914	12
4729	12
1927	12
4167	12
1929	12
4073	12
1930	12
3011	12
1934	12
4240	12
1935	12
4768	12
1948	12
1941	12
4785	12
3217	12
1942	12
1945	12
1946	12
2260	12
1947	12
3079	12
1949	12
2362	12
1953	12
4709	12
1968	12
1959	12
1965	12
1966	12
2311	12
4769	12
1969	12
2836	12
3793	12
1978	12
1980	12
2283	12
1982	12
2003	12
1984	12
1997	12
1988	12
1990	12
4767	12
2280	12
1992	12
1995	12
2288	12
1996	12
5272	12
2000	12
3309	12
2009	12
5273	12
4728	12
2058	12
2039	12
3922	12
3698	12
2044	12
2046	12
2050	12
2159	12
2051	12
5006	12
2052	12
3428	12
2053	12
2056	12
2658	12
2063	12
5275	12
2287	12
2074	12
4592	12
2479	12
2487	12
2284	12
3650	12
4465	12
4784	12
4203	12
2481	12
2868	12
2517	12
3752	12
4063	12
4935	12
5274	12
4059	12
3248	12
3161	12
4789	12
3541	12
3181	12
3726	12
3197	12
3196	12
3198	12
3539	12
3203	12
4708	12
3534	12
3220	12
4783	12
3371	12
3223	12
3230	12
3531	12
3239	12
3925	12
4176	12
4540	12
3241	12
4936	12
3247	12
4037	12
3666	12
3252	12
4036	12
3261	12
3265	12
3291	12
4271	12
2166	13
18	13
2127	13
101	13
3612	13
130	13
229	13
3421	13
286	13
5055	13
2809	13
303	13
3673	13
307	13
4946	13
308	13
4947	13
321	13
316	13
5059	13
5058	13
2342	13
329	13
4914	13
652	13
507	13
680	13
2692	13
510	13
3326	13
3382	13
518	13
3507	13
532	13
527	13
5052	13
529	13
4875	13
2817	13
530	13
4288	13
564	13
531	13
563	13
534	13
3989	13
1295	13
537	13
2962	13
541	13
5054	13
558	13
544	13
4028	13
3437	13
546	13
4757	13
3927	13
549	13
581	13
554	13
1210	13
4384	13
569	13
560	13
3341	13
2745	13
565	13
640	13
568	13
4603	13
4598	13
2186	13
574	13
2320	13
575	13
4081	13
576	13
4814	13
2594	13
578	13
4441	13
2322	13
584	13
3391	13
588	13
586	13
4876	13
605	13
589	13
2335	13
2789	13
593	13
2790	13
2327	13
595	13
2776	13
3166	13
596	13
3167	13
2328	13
597	13
4917	13
3446	13
598	13
4943	13
4077	13
602	13
603	13
604	13
2201	13
607	13
3809	13
2377	13
610	13
4437	13
3459	13
611	13
613	13
3335	13
618	13
2319	13
619	13
3859	13
624	13
4807	13
641	13
627	13
3001	13
629	13
4539	13
632	13
4942	13
4062	13
639	13
2347	13
4323	13
2197	13
651	13
2491	13
4642	13
2374	13
660	13
4253	13
2846	13
661	13
4255	13
667	13
670	13
672	13
2729	13
676	13
679	13
4038	13
681	13
4333	13
683	13
3745	13
684	13
4945	13
687	13
685	13
4100	13
689	13
686	13
727	13
2413	13
691	13
688	13
695	13
693	13
690	13
697	13
694	13
692	13
2381	13
703	13
3864	13
758	13
732	13
2394	13
3678	13
749	13
4944	13
4267	13
753	13
4813	13
3953	13
768	13
4949	13
5060	13
2130	13
1212	13
2788	13
4877	13
3622	13
1265	13
3271	13
1999	13
4124	13
2014	13
2286	13
2016	13
2676	13
4411	13
2027	13
2336	13
2029	13
2410	13
2031	13
2035	13
2040	13
4663	13
3480	13
2048	13
3633	13
2064	13
5062	13
3294	13
4653	13
4690	13
4247	13
3759	13
2331	13
2333	13
4321	13
4270	13
3616	13
2349	13
4538	13
2364	13
4588	13
3891	13
2372	13
4916	13
3786	13
2542	13
2416	13
4314	13
2420	13
4667	13
4948	13
3723	13
2556	13
4712	13
4711	13
2622	13
2912	13
4091	13
2628	13
3518	13
2652	13
3903	13
4162	13
2774	13
4421	13
3192	13
2778	13
3332	13
2827	13
4092	13
2854	13
2885	13
5053	13
3105	13
3178	13
3285	13
3319	13
4138	13
3372	13
4589	13
4433	13
2241	14
20	14
246	14
45	14
251	14
91	14
2132	14
124	14
4129	14
2202	14
2701	14
274	14
3560	14
2706	14
276	14
2707	14
3281	14
280	14
3969	14
282	14
3972	14
2152	14
283	14
2213	14
573	14
621	14
2465	14
625	14
2206	14
2217	14
896	14
3971	14
924	14
3928	14
1333	14
1331	14
1462	14
3831	14
2366	14
3970	14
3097	14
2424	14
2713	14
3099	14
5143	15
21	15
2098	15
42	15
2393	15
66	15
2551	15
89	15
2200	15
113	15
3721	15
172	15
214	15
330	15
288	15
2898	15
3604	15
290	15
4585	15
305	15
2225	15
460	15
449	15
2721	15
577	15
2748	15
478	15
2828	15
3062	15
496	15
3085	15
533	15
4476	15
3418	15
539	15
3486	15
2407	15
542	15
5100	15
3069	15
543	15
3871	15
557	15
3884	15
2842	15
659	15
657	15
941	15
5183	15
2054	15
662	15
2203	15
5187	15
4175	15
5101	15
783	15
780	15
2220	15
922	15
938	15
5184	15
3467	15
944	15
4429	15
5185	15
2457	15
964	15
977	15
1027	15
978	15
4928	15
3357	15
981	15
5148	15
2554	15
1003	15
4933	15
1008	15
5182	15
4144	15
1016	15
4336	15
1036	15
2226	15
1037	15
4218	15
2903	15
1046	15
2919	15
1049	15
1053	15
3693	15
2612	15
1056	15
5152	15
1058	15
4086	15
1065	15
1119	15
4156	15
1150	15
4924	15
1155	15
1151	15
4736	15
1161	15
5145	15
3076	15
4843	15
3348	15
1171	15
4584	15
1177	15
1181	15
2522	15
1198	15
3802	15
1200	15
1232	15
3102	15
1238	15
4373	15
1321	15
1397	15
4578	15
1501	15
5144	15
2409	15
1505	15
3963	15
1519	15
3964	15
1537	15
4445	15
1542	15
3779	15
1568	15
3153	15
1610	15
1640	15
1615	15
3073	15
1616	15
1654	15
1629	15
3635	15
1697	15
1643	15
2818	15
1657	15
2426	15
1699	15
3784	15
1748	15
1763	15
1915	15
4191	15
2071	15
4840	15
3771	15
4366	15
4866	15
4293	15
2350	15
4697	15
4734	15
5196	15
2358	15
2367	15
4586	15
4417	15
2373	15
2383	15
4735	15
4826	15
3998	15
4090	15
2429	15
5045	15
2439	15
2453	15
2477	15
4998	15
5150	15
3820	15
2486	15
4837	15
4838	15
4155	15
2494	15
4361	15
4527	15
3559	15
2509	15
4232	15
3613	15
3213	15
4530	15
4258	15
2629	15
3724	15
2633	15
2634	15
4824	15
4825	15
4925	15
2733	15
5149	15
4501	15
2736	15
4842	15
3637	15
4322	15
4602	15
2808	15
4839	15
5153	15
4145	15
2844	15
4710	15
2850	15
2971	15
4693	15
3583	15
3571	15
3128	15
3961	15
3139	15
3962	15
3201	15
3257	15
3315	15
4214	15
3383	15
3811	15
3458	15
4748	15
4529	15
3581	15
3758	15
4841	15
3861	15
3919	15
4027	15
5041	16
29	16
2108	16
60	16
3695	16
105	16
3366	16
109	16
4554	16
129	16
4792	16
147	16
4475	16
155	16
4017	16
159	16
2146	16
173	16
5249	16
198	16
202	16
223	16
2164	16
342	16
2390	16
347	16
345	16
4701	16
379	16
349	16
4420	16
350	16
4682	16
3690	16
370	16
380	16
371	16
372	16
4926	16
5099	16
3377	16
405	16
2548	16
409	16
4182	16
412	16
435	16
431	16
4927	16
824	16
432	16
436	16
438	16
2705	16
439	16
4612	16
441	16
2192	16
446	16
4483	16
452	16
474	16
470	16
491	16
5211	16
4463	16
501	16
4956	16
2837	16
503	16
5248	16
2204	16
512	16
2400	16
519	16
513	16
3937	16
522	16
517	16
5210	16
4727	16
524	16
521	16
4084	16
525	16
528	16
523	16
4778	16
3321	16
3482	16
526	16
566	16
567	16
538	16
5250	16
3088	16
540	16
3860	16
4351	16
545	16
3836	16
547	16
2864	16
548	16
4242	16
556	16
561	16
3715	16
2321	16
580	16
3333	16
587	16
583	16
2360	16
2174	16
2341	16
600	16
3630	16
3674	16
623	16
628	16
4352	16
677	16
648	16
1353	16
653	16
5207	16
3840	16
655	16
656	16
4319	16
2069	16
658	16
663	16
664	16
3346	16
668	16
3488	16
673	16
674	16
675	16
678	16
2386	16
698	16
1294	16
5208	16
3704	16
4085	16
5243	16
2746	16
4110	16
5240	16
2750	16
3235	16
4796	16
3259	16
3278	16
3530	16
3375	16
3997	16
4015	16
3380	16
3816	16
3394	16
4025	16
3403	16
3423	16
5209	16
3470	16
3473	16
3476	16
4955	16
3606	16
4534	16
2091	17
30	17
2117	17
39	17
5164	17
56	17
76	17
2120	17
85	17
4299	17
126	17
2488	17
190	17
2163	17
222	17
2689	17
224	17
269	17
236	17
3708	17
506	17
5244	17
3095	17
536	17
2326	17
594	17
3819	17
5175	17
1045	17
803	17
4514	17
804	17
2695	17
4414	17
807	17
2618	17
809	17
880	17
860	17
1191	17
870	17
2502	17
872	17
897	17
874	17
3727	17
883	17
904	17
898	17
900	17
4313	17
920	17
5161	17
1609	17
939	17
3082	17
4582	17
973	17
4692	17
3701	17
974	17
4835	17
979	17
5157	17
3812	17
985	17
4147	17
990	17
4425	17
3993	17
992	17
4622	17
994	17
5158	17
3934	17
1001	17
5172	17
1021	17
1004	17
3775	17
2375	17
1006	17
4068	17
4013	17
1009	17
5156	17
2568	17
1012	17
3600	17
2967	17
1014	17
3774	17
4436	17
1018	17
4798	17
1064	17
1020	17
5033	17
1038	17
1024	17
1028	17
1047	17
1034	17
3936	17
1035	17
4494	17
2655	17
1044	17
5159	17
4435	17
4131	17
1050	17
4848	17
3417	17
1051	17
4858	17
4024	17
1054	17
4849	17
3780	17
1071	17
4508	17
2615	17
1073	17
4067	17
1080	17
4920	17
3712	17
1123	17
4818	17
2153	17
1134	17
2218	17
4971	17
1606	17
1144	17
1662	17
1146	17
2657	17
1148	17
3314	17
1156	17
1153	17
2233	17
1154	17
3617	17
3260	17
1158	17
1218	17
1160	17
1163	17
3123	17
1164	17
1166	17
4972	17
2664	17
1175	17
5114	17
1186	17
3068	17
1196	17
1207	17
2716	17
1246	17
4130	17
2670	17
1247	17
4340	17
1259	17
4737	17
4451	17
1272	17
5174	17
2403	17
1277	17
1286	17
1278	17
2743	17
1283	17
4061	17
1291	17
1630	17
1297	17
1998	17
3696	17
3596	17
4855	17
4780	17
4921	17
4311	17
2527	17
2890	17
2538	17
5165	17
2540	17
5247	17
2546	17
3736	17
2547	17
3778	17
2550	17
4836	17
2553	17
4560	17
4398	17
2559	17
5171	17
2562	17
2563	17
4850	17
2566	17
5173	17
4205	17
4646	17
2570	17
2574	17
4739	17
2577	17
3744	17
2585	17
4738	17
4069	17
2587	17
3776	17
2593	17
4542	17
5039	17
2597	17
3731	17
2601	17
4645	17
4021	17
2604	17
4657	17
3729	17
2614	17
2648	17
4432	17
5160	17
3707	17
2668	17
4919	17
2673	17
2709	17
4640	17
2710	17
4225	17
2711	17
3904	17
2712	17
4354	17
2715	17
4641	17
4500	17
2718	17
4918	17
2719	17
2720	17
4094	17
2724	17
3683	17
2727	17
3806	17
5155	17
3406	17
3503	17
3441	17
2092	18
31	18
259	18
142	18
2877	18
1780	18
1322	18
3619	18
1324	18
2258	18
4161	18
1328	18
4406	18
1364	18
2806	18
1374	18
2810	18
1378	18
4557	18
1386	18
1380	18
1383	18
4558	18
1413	18
1384	18
3055	18
1406	18
1388	18
4014	18
2812	18
1389	18
4341	18
1392	18
3207	18
1396	18
3877	18
1833	18
1400	18
1402	18
1860	18
4633	18
1404	18
4634	18
3471	18
1414	18
1415	18
1418	18
3573	18
4455	18
1419	18
4743	18
1420	18
1421	18
4006	18
1422	18
5107	18
2771	18
4635	18
2804	18
3654	18
2815	18
2823	18
243	19
33	19
2097	19
41	19
4984	19
68	19
2678	19
82	19
2135	19
140	19
2136	19
144	19
5105	19
158	19
5241	19
4285	19
1308	19
4764	19
4114	19
1310	19
4563	19
4070	19
1315	19
5239	19
2505	19
1325	19
1686	19
1332	19
4415	19
2882	19
1334	19
3956	19
1335	19
5068	19
2239	19
1336	19
2775	19
1340	19
4513	19
2871	19
1345	19
3258	19
1350	19
3902	19
4686	19
2638	19
1365	19
5066	19
4636	19
2880	19
1428	19
3287	19
2245	19
1431	19
2251	19
1434	19
3942	19
1751	19
1435	19
1446	19
3977	19
1450	19
4983	19
4012	19
1452	19
4986	19
4007	19
1496	19
5067	19
3351	19
1532	19
3576	19
3312	19
1534	19
3574	19
1541	19
4003	19
1565	19
1547	19
3976	19
2323	19
1551	19
3546	19
3107	19
1554	19
1559	19
2325	19
1561	19
4443	19
3905	19
2489	19
1566	19
3634	19
2549	19
1580	19
4857	19
4262	19
1584	19
4977	19
3443	19
1586	19
3866	19
3543	19
1588	19
4985	19
2939	19
1590	19
2599	19
1607	19
4064	19
4234	19
2520	19
2933	19
4705	19
3857	19
4438	19
4976	19
4236	19
4975	19
4854	19
3740	19
3748	19
4979	19
4343	19
4567	19
5069	19
3592	19
2747	19
4553	19
2764	19
2755	19
4243	19
2758	19
5242	19
4115	19
2759	19
4459	19
3660	19
2762	19
5106	19
2767	19
2802	19
2777	19
4033	19
3016	19
2791	19
4963	19
5065	19
2793	19
3982	19
2798	19
2800	19
4106	19
2829	19
2831	19
2851	19
5256	19
4353	19
2869	19
2874	19
2873	19
2946	19
3595	19
2875	19
4618	19
2886	19
4802	19
3757	19
2888	19
4521	19
2891	19
4619	19
3649	19
2893	19
2896	19
4617	19
2902	19
2897	19
2915	19
4388	19
3614	19
2899	19
3916	19
2901	19
4241	19
4387	19
3990	19
2904	19
4104	19
3416	19
2906	19
3791	19
2914	19
4371	19
4372	19
2920	19
4198	19
3689	19
2922	19
2928	19
2927	19
3021	19
3575	19
2931	19
4574	19
2950	19
4456	19
2952	19
4431	19
4978	19
2954	19
3590	19
2968	19
3591	19
4779	19
2974	19
4973	19
3665	19
2976	19
4571	19
2983	19
4724	19
4974	19
3146	19
4706	19
2095	20
38	20
2105	20
54	20
5088	20
90	20
262	20
176	20
5163	20
4694	20
811	20
5090	20
3253	20
852	20
3549	20
940	20
854	20
2219	20
861	20
857	20
3810	20
2482	20
4039	20
867	20
4774	20
868	20
876	20
4820	20
4423	20
877	20
3007	20
878	20
3562	20
882	20
4882	20
4117	20
884	20
4819	20
4533	20
886	20
889	20
887	20
936	20
890	20
905	20
892	20
1189	20
894	20
3499	20
901	20
4569	20
909	20
3152	20
907	20
919	20
908	20
1070	20
911	20
982	20
912	20
927	20
917	20
4988	20
2072	20
921	20
2857	20
4987	20
923	20
3794	20
929	20
3270	20
932	20
933	20
4815	20
942	20
2221	20
950	20
2644	20
1205	20
952	20
2224	20
954	20
4800	20
1202	20
960	20
2346	20
961	20
962	20
3659	20
968	20
970	20
4108	20
4170	20
3730	20
1199	20
4587	20
3447	20
1885	20
1873	20
1931	20
1875	20
1888	20
1889	20
1879	20
1983	20
1881	20
1973	20
3767	20
2649	20
3685	20
5092	20
4479	20
5085	20
2501	20
2484	20
2485	20
4268	20
5086	20
2492	20
5091	20
3324	20
2530	20
2531	20
4655	20
5087	20
2099	21
46	21
2100	21
47	21
2222	21
61	21
3524	21
70	21
252	21
98	21
2212	21
331	21
293	21
3526	21
296	21
294	21
1085	21
295	21
3338	21
2354	21
352	21
302	21
3519	21
348	21
304	21
306	21
3901	21
3306	21
378	21
3337	21
445	21
419	21
481	21
447	21
429	21
483	21
482	21
2849	21
808	21
2305	21
1442	21
3305	21
2892	21
1459	21
2101	21
3336	21
2292	21
3455	21
3023	21
3280	21
2396	21
3304	21
2397	21
3508	21
2814	21
2889	21
3143	21
3454	21
3465	21
1796	22
51	22
3926	22
123	22
150	22
2376	22
976	22
5169	22
1487	22
1460	22
5255	22
2723	22
1467	22
4005	22
1480	22
1471	22
3669	22
3409	22
4495	22
4159	22
1647	22
1648	22
5049	22
4045	22
1652	22
5051	22
2254	22
1700	22
4831	22
2340	22
1703	22
3981	22
2398	22
1712	22
4580	22
2438	22
1725	22
5046	22
4401	22
1738	22
4195	22
1740	22
1752	22
5170	22
4536	22
1754	22
4626	22
1769	22
4573	22
1771	22
1775	22
2106	22
1783	22
4861	22
1784	22
1791	22
1786	22
3130	22
4060	22
1806	22
4630	22
2523	22
1807	22
4122	22
4409	22
1813	22
4631	22
3058	22
1818	22
1820	22
4305	22
1822	22
3568	22
1829	22
4503	22
3432	22
4860	22
4535	22
4597	22
2399	22
2924	22
2847	22
4725	22
4410	22
5050	22
2726	22
3487	22
3436	22
2859	22
3092	22
2856	22
2863	22
3795	22
4859	22
3941	22
3013	22
4756	22
3552	22
3015	22
4654	22
5203	22
3019	22
3805	22
3750	22
3020	22
3550	22
3040	22
3045	22
4143	22
3046	22
4579	22
3638	22
3050	22
4852	22
3056	22
3057	22
4498	22
3060	22
4470	22
3563	22
3063	22
4360	22
4799	22
3075	22
3066	22
5047	22
3106	22
3067	22
3072	22
3561	22
3074	22
3768	22
3080	22
3644	22
3081	22
4980	22
3558	22
3083	22
4685	22
3087	22
3882	22
3089	22
4627	22
3090	22
5048	22
3094	22
3096	22
3834	22
3098	22
4365	22
3111	22
3115	22
3114	22
3121	22
4830	22
3129	22
3122	22
3124	22
4829	22
3211	22
3125	22
3538	22
3127	22
3607	22
3136	22
4281	22
3141	22
4408	22
3405	22
3147	22
3623	22
3154	22
4174	22
4407	22
2104	23
53	23
2154	23
203	23
3799	23
212	23
3691	23
319	23
4315	23
3556	23
326	23
4689	23
2986	23
448	23
4381	23
2193	23
463	23
4867	23
5264	23
599	23
590	23
3344	23
2068	23
1972	23
638	23
3749	23
671	23
5016	23
3588	23
682	23
5151	23
713	23
2537	23
723	23
3909	23
739	23
4249	23
2583	23
740	23
3754	23
751	23
3755	23
765	23
5023	23
4674	23
4123	23
794	23
5018	23
3911	23
831	23
4868	23
2467	23
834	23
5028	23
5020	23
835	23
5013	23
875	23
5017	23
893	23
888	23
4053	23
3540	23
3914	23
906	23
4179	23
928	23
4895	23
3052	23
930	23
3800	23
3438	23
931	23
4761	23
3133	23
1122	23
3897	23
4230	23
1168	23
2625	23
1173	23
1188	23
1217	23
4552	23
3868	23
1251	23
4809	23
1326	23
4318	23
4418	23
1526	23
5268	23
2803	23
1963	23
1994	23
2006	23
2675	23
3951	23
3933	23
2334	23
4581	23
4957	23
2339	23
4965	23
4966	23
4440	23
2343	23
5026	23
5261	23
3894	23
2370	23
4215	23
4704	23
3565	23
2391	23
4496	23
4896	23
2392	23
5260	23
2428	23
4758	23
4964	23
2434	23
2436	23
2462	23
4616	23
4959	23
4083	23
2510	23
5022	23
3608	23
2534	23
4308	23
4057	23
4158	23
3461	23
2640	23
4187	23
3714	23
2643	23
4248	23
2647	23
5019	23
2848	23
2674	23
3264	23
3578	23
4528	23
2679	23
4821	23
3848	23
2683	23
5021	23
4132	23
2730	23
4628	23
2739	23
5014	23
2870	23
2752	23
2985	23
2792	23
4762	23
4894	23
2813	23
3896	23
3825	23
5154	23
3381	23
2876	23
3651	23
5027	23
2883	23
5063	23
3765	23
2964	23
4294	23
3663	23
3005	23
4566	23
5025	23
3117	23
5000	23
4632	23
3210	23
3532	23
3238	23
4805	23
5015	23
5142	23
4620	23
3276	23
4295	23
3334	23
3353	23
5064	23
3413	23
3361	23
3401	23
3412	23
3429	23
3430	23
4349	23
3513	23
3547	23
5262	23
4279	23
4958	23
5213	23
4344	23
5024	23
3790	23
4454	23
4614	23
4615	23
4726	23
3890	23
4893	23
4700	23
4089	23
4125	23
4310	23
4280	23
4594	23
4325	23
1932	24
55	24
4793	24
278	24
4794	24
2337	24
287	24
2722	24
289	24
3822	24
4189	24
292	24
4898	24
4872	24
2113	24
320	24
2425	24
2090	24
327	24
2291	24
4118	24
418	24
4869	24
1917	24
451	24
3342	24
2423	24
743	24
3071	24
3833	24
745	24
4720	24
2415	24
750	24
4721	24
767	24
760	24
3923	24
817	24
4386	24
818	24
5070	24
1086	24
4426	24
3587	24
4434	24
5111	24
2255	24
1749	24
3938	24
1770	24
2285	24
1772	24
1794	24
5078	24
2650	24
1799	24
3686	24
3390	24
1803	24
1933	24
4662	24
1805	24
5071	24
5076	24
1809	24
2180	24
1810	24
1812	24
4771	24
3026	24
1814	24
4873	24
2263	24
1823	24
3350	24
1825	24
2595	24
1828	24
4229	24
1835	24
1838	24
1839	24
3164	24
1840	24
4493	24
3214	24
1842	24
1871	24
1856	24
1867	24
1880	24
1894	24
2418	24
1898	24
1902	24
4160	24
1906	24
4488	24
1909	24
4993	24
2273	24
1911	24
3477	24
3024	24
1916	24
3484	24
1918	24
4555	24
1925	24
1919	24
1921	24
4995	24
2047	24
1922	24
1928	24
1937	24
1976	24
1938	24
4994	24
2267	24
1939	24
3478	24
1944	24
4707	24
1951	24
2277	24
1967	24
2787	24
1970	24
1971	24
4992	24
1985	24
1989	24
1987	24
2007	24
4517	24
2959	24
2011	24
2020	24
2015	24
2019	24
3874	24
2075	24
2022	24
2289	24
2532	24
2025	24
4278	24
2026	24
2081	24
2028	24
2043	24
2030	24
4520	24
3187	24
2032	24
2034	24
2168	24
2037	24
2041	24
2042	24
2049	24
4870	24
2055	24
3311	24
2059	24
2062	24
2065	24
4087	24
2066	24
2067	24
2359	24
2077	24
2078	24
3362	24
2183	24
3061	24
4466	24
4146	24
3354	24
2495	24
3687	24
2498	24
4874	24
5073	24
2500	24
5072	24
5075	24
3589	24
2519	24
3939	24
2557	24
2579	24
4996	24
2580	24
2589	24
4570	24
2607	24
3991	24
2654	24
4656	24
4871	24
3586	24
2659	24
2672	24
2697	24
4770	24
3299	24
5074	24
4811	24
3597	24
4164	24
1266	25
59	25
4491	25
67	25
1268	25
69	25
1653	25
71	25
2122	25
92	25
4889	25
132	25
2512	25
145	25
260	25
157	25
4127	25
166	25
3290	25
182	25
3216	25
192	25
2514	25
4969	25
2801	25
810	25
2214	25
812	25
3289	25
814	25
815	25
3620	25
2215	25
816	25
2460	25
821	25
2464	25
825	25
4265	25
843	25
827	25
848	25
2450	25
838	25
2474	25
839	25
4264	25
4298	25
842	25
5089	25
2451	25
844	25
846	25
4562	25
3317	25
859	25
4888	25
5162	25
869	25
895	25
2516	25
1074	25
3179	25
2140	25
1076	25
2295	25
2227	25
1081	25
2617	25
1084	25
4613	25
1089	25
2513	25
1090	25
2515	25
1091	25
2228	25
1093	25
1112	25
1096	25
2504	25
1098	25
4178	25
1104	25
1106	25
3536	25
1108	25
3915	25
3653	25
1111	25
4112	25
1115	25
4548	25
1120	25
3185	25
1121	25
3912	25
1135	25
1129	25
1137	25
1145	25
1136	25
2653	25
1213	25
3827	25
1214	25
2329	25
1216	25
2702	25
1221	25
3785	25
1223	25
4190	25
4370	25
1224	25
5038	25
3694	25
1229	25
4832	25
1231	25
2406	25
1236	25
1237	25
3692	25
1242	25
4890	25
4357	25
2171	25
4575	25
3368	25
4833	25
2454	25
2458	25
3839	25
2469	25
2478	25
2480	25
4576	25
3966	25
4261	25
2623	25
2632	25
2637	25
4747	25
4970	25
2641	25
2694	25
2699	25
4382	25
4157	26
120	26
3433	26
820	26
5029	26
822	26
5108	26
2466	26
832	26
3918	26
3817	26
836	26
5008	26
2216	26
841	26
925	26
845	26
3895	26
1377	26
847	26
1416	26
4042	26
849	26
5032	26
3303	26
853	26
4035	26
862	26
3356	26
2671	26
863	26
4142	26
873	26
866	26
2525	26
4250	26
913	26
5009	26
1225	26
3632	26
2247	26
1469	26
4251	26
2665	26
1474	26
2998	26
1483	26
1477	26
4044	26
2862	26
1479	26
5031	26
1569	26
1481	26
3828	26
4668	26
1482	26
2248	26
1490	26
3921	26
1787	26
1493	26
3414	26
1494	26
1517	26
1495	26
1527	26
4317	26
1497	26
3646	26
1506	26
2677	26
1507	26
4637	26
1508	26
4661	26
4461	26
1511	26
4879	26
3427	26
1513	26
4776	26
4181	26
1514	26
1516	26
4722	26
1520	26
4040	26
1521	26
5007	26
2795	26
1530	26
4312	26
1535	26
3407	26
1539	26
1557	26
3347	26
1573	26
3965	26
3162	26
1595	26
3924	26
1635	26
4480	26
4930	26
1661	26
4931	26
1716	26
1669	26
4509	26
1672	26
3316	26
1679	26
5030	26
3679	26
1683	26
1720	26
1691	26
1695	26
5110	26
3053	26
1701	26
4467	26
2524	26
1704	26
5113	26
1705	26
3875	26
1706	26
4647	26
1708	26
1709	26
4284	26
1710	26
2257	26
1713	26
3227	26
1717	26
1827	26
1718	26
2242	26
1719	26
5077	26
1726	26
1722	26
4113	26
3155	26
1723	26
1730	26
1724	26
2419	26
2999	26
1727	26
2198	26
1729	26
4812	26
2688	26
1733	26
1735	26
4683	26
1737	26
1741	26
1744	26
2541	26
1745	26
3242	26
1753	26
5109	26
1758	26
1764	26
4851	26
1779	26
1785	26
2102	26
1790	26
3580	26
1792	26
1800	26
2308	26
3064	26
2380	26
4119	26
2382	26
2402	26
5010	26
4274	26
4591	26
4099	26
2511	26
4745	26
3940	26
2535	26
4004	26
4163	26
3952	26
2544	26
5200	26
2666	26
2756	26
2754	26
3988	26
2822	26
4775	26
3070	26
3920	26
3170	26
3233	26
3717	26
3249	26
3876	26
3554	26
4510	26
5112	26
4109	26
2151	27
194	27
2231	27
769	27
3713	27
1075	27
903	27
1078	27
3301	27
3872	27
2306	27
3545	27
3150	27
3873	27
3720	27
3300	27
1190	28
209	28
3599	28
291	28
4444	28
3367	28
312	28
5102	28
4772	28
2616	28
334	28
4442	28
3138	28
511	28
5044	28
579	28
4228	28
779	28
3601	28
2552	28
984	28
4677	28
2162	28
1059	28
4141	28
1063	28
2499	28
1185	28
4002	28
2235	28
2691	28
1215	28
3330	28
1351	28
1363	28
4301	28
1558	28
2975	28
1637	28
2276	28
1707	28
4391	28
1836	28
1841	28
5103	28
2272	28
1905	28
4000	28
1950	28
2947	28
1974	28
4390	28
2435	28
2490	28
4296	28
3772	28
3325	28
3537	29
211	29
553	29
4664	29
2240	29
1330	29
5125	29
1649	29
2783	29
1651	29
4316	29
2656	29
1660	29
3947	29
2421	29
1732	29
4380	29
3979	29
1759	29
4275	29
4363	29
1762	29
5289	29
2555	29
1819	29
2269	29
1920	29
3667	29
1936	29
4526	29
4376	29
1960	29
4377	29
1975	29
4169	29
1993	29
1991	29
4054	29
3205	29
4379	29
2024	29
3282	29
2038	29
4276	29
4846	29
5126	29
5123	29
4505	29
4991	29
4754	29
2630	29
4183	29
5290	29
3648	29
4471	29
2900	29
4990	29
2911	29
4102	29
2918	29
4148	29
3676	29
2926	29
2949	29
4714	29
4715	29
2953	29
4716	29
2955	29
4989	29
2960	29
4329	29
2987	29
2992	29
2996	29
3008	29
4847	29
4302	29
3012	29
5291	29
3108	29
3119	29
4324	29
3157	29
3535	29
3191	29
3684	29
3415	29
3219	29
3226	29
3225	29
4133	29
4330	29
3681	29
3996	29
4378	29
4334	30
279	30
4511	30
2830	30
335	30
5147	30
2948	30
453	30
3594	30
4300	30
502	30
3386	30
646	30
4699	30
3031	30
715	30
3846	30
3878	30
956	30
1180	30
1182	30
3474	30
1184	30
1274	30
4193	30
1358	30
4658	30
2606	30
1489	30
2603	30
1572	30
4865	30
1977	30
1702	30
3131	30
1755	30
4345	30
2261	30
1804	30
5061	30
1821	30
2991	30
1831	30
4346	30
2310	30
1863	30
2021	30
2966	30
2417	30
3788	30
3054	30
2529	30
4337	30
4347	30
3126	30
3464	30
3885	30
585	31
582	31
2940	31
2324	31
2447	31
1203	31
2448	31
2459	31
1220	31
4048	31
3255	31
1227	31
3995	31
1304	31
1228	31
2446	31
2107	31
1235	31
3267	31
1258	31
1252	31
1254	31
4043	31
1261	31
3932	31
1262	31
1288	31
1430	31
1306	31
1309	31
5146	31
1314	31
1355	31
1357	31
3994	31
2243	31
1376	31
1410	31
2444	31
1464	31
2445	31
1734	31
2449	31
4052	31
2645	31
2833	32
1449	32
2832	32
1486	32
4644	32
1612	32
5257	32
4197	32
1613	32
4881	32
4547	32
1617	32
5253	32
4719	32
3218	32
1641	32
1646	32
5235	32
3272	32
1663	32
5254	32
2253	32
1664	32
2476	32
1667	32
4439	32
3466	32
1671	32
3030	32
1673	32
1676	32
4088	32
1776	32
4307	32
4691	32
4702	32
3027	32
2841	32
2879	32
4238	32
2988	32
4506	32
2990	32
4217	32
2995	32
4484	32
3202	32
3009	32
3215	32
3028	32
3732	32
4880	32
