4 95
5 95
6 95
97 7
8 97
9 99
10 99
62 103
105 11
12 105
13 115
14 115
15 117
16 117
17 119
17 123
127 18
19 127
129 20
21 129
22 135
88 135
23 135
139 24
25 139
85 139
26 139
27 141
80 141
28 141
29 141
143 30
31 143
32 143
33 153
34 153
35 153
36 153
37 155
38 155
39 155
40 155
41 157
165 42
43 165
44 169
45 169
46 169
47 171
48 99
48 171
165 48
48 111
171 50
50 165
50 99
60 109
97 68
68 131
68 95
49 115
49 95
50 173
68 173
51 131
51 173
72 115
72 97
72 119
59 135
143 59
84 153
84 127
76 123
76 153
76 143
127 76
139 86
66 113
66 103
52 157
52 113
105 52
53 107
157 53
53 105
90 133
90 107
70 169
70 133
70 107
54 117
54 169
55 125
55 121
78 155
78 125
129 78
74 121
74 117
56 129
56 141
56 155
64 109
64 111
137 76
137 57
58 137
59 137
60 145
61 145
62 145
63 145
64 167
65 167
66 167
67 167
68 161
69 161
70 161
71 161
72 163
73 163
74 163
75 163
76 101
77 101
78 101
79 101
80 147
81 147
82 147
83 147
84 149
85 149
86 151
87 151
88 151
89 151
90 159
91 159
92 159
93 159
95 94
97 96
99 98
101 100
103 102
105 104
107 106
109 108
111 110
113 112
115 114
117 116
119 118
121 120
123 122
125 124
127 126
129 128
131 130
133 132
135 134
137 136
139 138
141 140
143 142
145 144
147 146
149 148
151 150
153 152
155 154
157 156
159 158
161 160
163 162
165 164
167 166
169 168
171 170
173 172
